Year;Sub_Div;RECT;Area;Age1;Age2;Age3;Age4;Age5;Age6;Age7;Age8+
1994.00;26;38G9;918.20;115.05;7104.29;1089.17;590.49;171.78;59.20;11.29;0.00
1994.00;26;39G9;1026.00;83.40;9330.20;2772.60;1773.20;539.20;210.80;42.00;0.00
1994.00;26;39H0;881.60;3.70;83.50;18.40;11.30;4.60;2.40;0.50;0.00
1994.00;26;40G9;1013.00;3.25;800.85;244.91;162.93;53.89;17.13;3.32;0.00
1994.00;26;40H0;1012.10;2.80;391.30;67.10;32.80;9.00;3.20;0.60;0.00
1994.00;26;41G9;1000.00;264.86;1097.28;228.87;150.52;43.70;26.14;0.54;10.49
1994.00;26;41H0;953.30;0.00;25.60;81.14;83.26;41.44;26.22;1.07;5.83
1994.00;28_2;42G9;986.90;0.00;420.52;467.52;159.15;157.90;111.78;3.11;25.52
1994.00;28_2;42H0;968.50;4.83;621.45;686.93;230.99;222.65;157.22;4.65;32.85
1994.00;28_2;43H0;973.70;0.44;201.34;267.90;102.00;104.27;70.59;2.12;13.70
1994.00;28_2;44H0;960.50;0.00;239.83;288.37;106.50;104.35;78.00;2.45;21.46
1994.00;28_2;44H1;824.60;0.00;115.13;50.34;11.62;12.57;9.55;0.35;2.66
1994.00;28_2;45H0;947.20;2.78;148.22;271.11;131.97;171.01;129.33;5.96;38.29
1994.00;28_2;45H1;827.10;8.13;59.85;85.57;32.43;36.33;27.73;0.85;8.57
1995.00;26;38G9;918.20;1149.44;312.93;447.44;171.66;108.03;92.28;19.88;14.75
1995.00;26;39G9;1026.00;808.00;374.23;962.41;276.91;156.00;123.57;29.07;17.07
1995.00;26;39H0;881.60;176.45;72.52;132.47;71.63;52.36;23.74;5.46;2.98
1995.00;26;40G9;1013.00;1917.09;2292.12;2719.26;1284.43;882.73;413.01;207.56;38.90
1995.00;26;40H0;1012.10;1474.90;1225.30;1971.20;350.20;122.10;44.60;7.70;7.20
1995.00;26;41G9;1000.00;16200.41;4210.16;5417.20;3257.60;1962.65;966.59;619.82;154.20
1995.00;26;41H0;953.30;4320.80;749.32;2247.52;1356.42;867.32;568.86;167.18;38.74
1995.00;28_2;42G9;986.90;449.12;805.17;5708.42;6938.94;2523.31;1862.79;436.30;508.03
1995.00;28_2;42H0;968.50;3627.81;368.40;1852.87;1873.11;593.38;357.41;71.47;81.13
1995.00;28_2;43G9;973.70;1856.07;266.39;1955.05;2708.47;937.96;617.24;143.66;149.45
1995.00;28_2;43H0;973.70;1674.91;238.84;1781.07;2049.41;708.68;491.84;120.05;138.96
1995.00;28_2;44H0;960.50;385.15;165.01;1516.59;1757.98;631.60;409.82;87.26;97.53
1995.00;28_2;44H1;824.60;1660.95;56.69;403.78;545.50;187.42;138.55;40.83;55.56
1999.00;24;38G2;832.90;1.06;166.28;99.98;172.99;85.70;1.06;1.06;1.59
1999.00;24;38G3;865.70;3.11;357.52;240.94;606.23;326.43;6.22;4.66;9.33
1999.00;24;38G4;1034.80;27.24;345.46;180.90;348.73;175.46;3.27;2.18;5.45
1999.00;24;39G2;406.10;0.26;49.47;30.48;62.00;32.23;0.44;0.35;0.61
1999.00;24;39G3;765.00;1.34;332.56;211.02;506.19;273.80;4.01;2.67;5.34
1999.00;24;39G4;524.80;3.03;212.17;116.39;180.64;91.53;0.61;0.61;1.21
1999.00;25;37G5;642.20;3.19;945.66;1584.61;638.96;22.36;0.00;0.00;0.00
1999.00;25;38G5;1035.70;0.71;210.51;352.75;142.24;4.98;0.00;0.00;0.00
1999.00;25;38G6;940.20;0.86;614.05;810.09;293.64;8.64;0.00;0.00;0.00
1999.00;25;39G4;287.30;0.00;564.27;474.99;147.62;3.57;0.00;0.00;0.00
1999.00;25;39G5;979.00;0.00;1587.45;1511.51;506.25;10.85;0.00;0.00;0.00
1999.00;25;39G6;1026.00;0.00;1196.74;1274.60;403.72;8.65;0.00;0.00;0.00
1999.00;25;39G7;1026.00;0.00;2471.14;1436.11;396.76;8.63;0.00;0.00;0.00
1999.00;25;40G4;677.20;0.00;291.60;288.91;90.03;1.34;0.00;0.00;0.00
1999.00;25;40G5;1012.90;0.00;2747.78;1365.00;324.58;4.45;0.00;0.00;0.00
1999.00;25;40G6;1013.00;0.00;2811.81;1706.99;452.88;9.95;0.00;0.00;0.00
1999.00;25;40G7;1013.00;0.00;2096.49;678.45;133.94;2.91;0.00;0.00;0.00
1999.00;25;41G6;764.40;0.00;2700.74;2302.74;670.92;11.37;0.00;0.00;0.00
1999.00;25;41G7;1000.00;0.00;2869.70;1289.35;317.86;4.48;0.00;0.00;0.00
1999.00;26;38G9;918.20;38.50;2296.80;296.40;225.20;103.70;3.00;0.00;0.00
1999.00;26;39G8;1026.00;128.07;2940.54;1757.15;292.01;0.00;0.00;0.00;0.00
1999.00;26;39G9;1026.00;186.00;5968.10;1084.60;2004.30;1278.50;72.20;108.00;37.30
1999.00;26;39H0;881.60;96.30;1964.00;260.60;299.20;94.90;18.50;6.90;0.00
1999.00;26;40G8;1013.00;5.90;3380.92;2171.34;342.22;0.00;0.00;0.00;0.00
1999.00;26;40G9;1013.00;143.20;6299.40;914.30;1775.60;565.20;43.60;53.00;0.00
1999.00;26;40H0;1012.10;158.20;4683.20;711.70;1000.00;458.80;75.00;65.10;13.30
1999.00;26;41G8;1000.00;3.06;1653.63;1172.85;235.80;0.00;0.00;0.00;0.00
1999.00;26;41G9;1000.00;219.10;6850.20;2169.50;3265.30;1084.70;148.30;160.80;37.70
1999.00;26;41H0;953.30;51.20;1271.80;350.20;571.90;222.20;35.80;20.40;8.50
1999.00;27;42G7;986.90;0.00;2104.95;1884.19;1098.68;46.21;0.00;0.00;0.00
1999.00;28_2;42G8;945.40;0.00;567.88;718.05;424.62;15.53;0.00;0.00;0.00
2000.00;26;38G9;918.20;6856.12;547.27;996.88;120.03;203.45;75.27;4.07;14.24
2000.00;26;39G9;1026.00;5613.34;1832.97;4842.14;731.40;1116.50;404.01;45.77;136.33
2000.00;26;39H0;881.60;8311.02;592.97;925.98;128.99;123.57;25.14;0.00;0.00
2000.00;26;40G9;1013.00;2390.64;510.57;1171.32;187.29;248.74;67.51;15.96;0.00
2000.00;26;40H0;1012.10;4952.92;413.53;767.54;134.82;129.42;32.11;33.57;0.00
2000.00;26;41G9;1000.00;1997.24;1210.15;3886.84;705.16;623.34;274.67;14.70;40.55
2000.00;26;41H0;953.30;510.81;2053.56;4461.10;1043.90;834.40;305.30;54.97;109.65
2001.00;24;38G2;832.90;1.85;23.47;14.59;86.24;38.45;8.40;0.34;0.00
2001.00;24;38G3;865.70;5.61;104.78;62.90;356.73;159.49;37.31;2.29;0.00
2001.00;24;38G4;1034.80;22.22;490.16;440.66;1382.47;597.05;80.36;2.59;0.00
2001.00;24;39G2;406.10;1.96;24.94;15.51;91.63;40.86;8.92;0.36;0.00
2001.00;24;39G3;765.00;2.65;24.69;15.95;98.24;43.68;8.88;0.16;0.00
2001.00;24;39G4;524.80;29.16;55.47;35.25;118.32;51.32;7.00;0.26;0.00
2001.00;25;37G5;642.20;1.12;389.51;536.66;1445.05;326.36;97.74;13.87;0.00
2001.00;25;38G5;1035.70;0.05;22.01;30.47;85.57;19.25;5.85;0.71;0.00
2001.00;25;38G6;940.20;0.73;189.41;258.86;641.43;146.09;42.37;7.89;0.00
2001.00;25;39G4;287.30;0.37;37.80;52.30;118.57;23.26;6.22;0.44;0.00
2001.00;25;39G5;979.00;2.18;150.73;188.53;424.24;86.82;24.79;1.55;0.00
2001.00;25;39G6;1026.00;7.07;215.50;272.45;530.13;97.23;22.93;1.48;0.00
2001.00;25;39G7;1026.00;478.16;1260.80;825.26;980.17;117.85;16.54;0.17;0.00
2001.00;25;40G4;677.20;0.81;81.47;112.73;255.55;50.13;13.40;0.94;0.00
2001.00;25;40G5;1012.90;15.97;580.49;731.88;1597.94;325.85;89.40;5.25;0.00
2001.00;25;40G6;1013.00;16.05;923.78;922.03;1516.24;245.73;49.74;1.83;0.00
2001.00;25;40G7;1013.00;26.83;852.54;749.30;1144.90;171.76;29.32;0.77;0.00
2001.00;25;41G6;764.40;102.39;1998.77;1340.10;1586.38;194.34;27.86;0.26;0.00
2001.00;25;41G7;1000.00;142.18;1297.95;847.72;1150.41;155.17;21.37;0.37;0.00
2001.00;26;38G9;918.20;321.70;880.45;209.26;590.78;90.69;192.98;71.05;10.99
2001.00;26;39G8;1026.00;2278.24;1337.58;854.40;1626.93;157.17;0.00;0.00;0.00
2001.00;26;39G9;1026.00;1298.92;2976.44;557.52;1351.65;21.05;108.06;71.06;0.00
2001.00;26;39H0;881.60;69.46;765.42;38.58;427.62;24.54;57.61;20.17;0.00
2001.00;26;40G8;1013.00;425.87;1454.61;1073.54;2252.38;232.62;0.00;0.00;0.00
2001.00;26;40G9;1013.00;236.67;1838.83;236.63;669.92;40.67;275.32;86.96;0.00
2001.00;26;40H0;1012.10;83.02;508.79;152.83;331.12;5.08;46.11;10.16;4.09
2001.00;26;41G8;1000.00;281.33;822.17;675.20;1462.94;151.16;0.00;0.00;0.00
2001.00;26;41G9;1000.00;84.50;2009.55;0.00;2043.66;105.58;193.94;582.29;53.17
2001.00;26;41H0;953.30;37.87;748.36;0.00;792.24;63.38;121.71;278.16;2.57
2001.00;27;42G7;986.90;27.29;1418.35;615.27;1233.62;736.33;50.63;0.00;0.00
2001.00;28_2;42G8;945.40;511.85;668.27;422.84;856.69;550.82;41.53;0.00;0.00
2001.00;28_2;42G9;986.90;67.49;1614.69;0.00;1193.32;26.36;338.71;427.61;45.80
2001.00;28_2;42H0;968.50;27.46;595.59;0.00;445.51;11.31;106.31;162.44;12.96
2001.00;28_2;43G9;973.70;157.54;1472.65;0.00;1055.95;53.78;430.85;437.95;39.99
2001.00;28_2;43H0;973.70;153.27;1865.72;0.00;951.73;13.92;200.02;426.08;195.84
2001.00;28_2;43H1;412.70;3.75;125.83;0.00;65.17;0.00;19.51;28.79;12.13
2001.00;28_2;44H0;960.50;74.18;568.86;0.00;832.36;26.19;374.44;321.54;16.64
2001.00;28_2;44H1;824.60;62.35;435.56;0.00;689.48;22.59;314.47;264.77;9.04
2002.00;24;38G2;832.90;565.00;120.68;315.93;427.99;171.45;62.36;21.29;0.00
2002.00;24;38G3;865.70;487.67;104.16;272.69;369.41;147.98;53.82;18.38;0.00
2002.00;24;38G4;1034.80;114.90;108.82;349.78;429.66;182.59;50.26;28.06;0.00
2002.00;24;39G2;406.10;217.77;46.52;121.77;164.96;66.08;24.04;8.21;0.00
2002.00;24;39G3;765.00;116.47;24.88;65.13;88.23;35.34;12.85;4.39;0.00
2002.00;24;39G4;524.80;173.12;36.98;96.80;131.14;52.53;19.11;6.52;0.00
2002.00;25;37G5;642.20;47.13;121.20;267.93;602.23;577.04;133.29;126.71;0.00
2002.00;25;38G5;1035.70;269.72;183.82;309.08;569.77;517.35;123.29;131.82;0.00
2002.00;25;38G6;940.20;11.71;63.06;92.55;99.44;73.97;17.25;19.33;0.00
2002.00;25;39G4;287.30;97.38;248.57;518.06;529.15;306.90;64.49;97.57;0.00
2002.00;25;39G5;979.00;813.23;553.47;789.85;887.58;627.54;149.48;189.63;0.00
2002.00;25;39G6;1026.00;1205.60;1179.86;1800.80;1187.18;444.78;101.47;227.26;0.00
2002.00;25;39G7;1026.00;569.77;1207.58;1902.33;1272.94;460.40;101.82;209.00;0.00
2002.00;25;40G4;677.20;288.67;546.19;888.93;717.80;361.99;84.90;138.17;0.00
2002.00;25;40G5;1012.90;3012.35;2189.92;3102.73;2380.84;1023.85;197.39;449.78;0.00
2002.00;25;40G6;1013.00;3672.76;2125.36;2513.71;1604.63;619.05;151.16;285.19;0.00
2002.00;25;40G7;1013.00;295.11;510.13;783.45;533.68;202.94;48.45;89.84;0.00
2002.00;25;41G6;764.40;103.16;99.70;135.32;103.07;72.73;23.01;26.38;0.00
2002.00;25;41G7;1000.00;42.17;246.25;442.64;393.32;197.31;39.79;68.37;0.00
2002.00;26;38G9;918.20;1305.39;988.14;2763.98;153.05;474.00;21.25;102.39;25.70
2002.00;26;39G8;1026.00;107.65;1095.65;2525.17;1856.78;440.91;37.56;0.00;0.00
2002.00;26;39G9;1026.00;347.88;342.70;1442.33;78.25;507.85;9.21;40.92;12.25
2002.00;26;39H0;881.60;5776.08;298.00;996.78;119.22;197.71;3.35;1.68;1.68
2002.00;26;40G8;1013.00;99.91;474.97;1200.86;876.46;213.87;15.70;0.00;0.00
2002.00;26;40G9;1013.00;270.63;494.60;758.07;107.95;395.56;37.50;101.78;31.30
2002.00;26;40H0;1012.10;1769.26;281.61;633.63;64.28;238.76;15.31;45.92;12.24
2002.00;26;41G8;1000.00;105.57;433.13;750.01;526.41;112.18;7.69;0.00;0.00
2002.00;26;41G9;1000.00;1428.00;626.00;1580.00;88.00;1106.00;173.00;246.00;582.00
2002.00;26;41H0;953.30;1150.00;314.00;419.00;23.00;267.00;39.00;54.00;133.00
2002.00;27;42G7;986.90;90.28;1012.67;1162.60;690.99;113.30;6.23;0.00;0.00
2002.00;28_2;42G8;945.40;76.25;451.17;928.18;417.93;309.39;3.47;0.00;0.00
2002.00;28_2;42G9;986.90;22.00;88.00;324.00;18.00;225.00;36.00;49.00;118.00
2002.00;28_2;42H0;968.50;37.00;106.00;337.00;18.00;224.00;35.00;45.00;114.00
2002.00;28_2;43H0;973.70;87.00;228.00;473.00;25.00;316.00;54.00;78.00;183.00
2002.00;28_2;43H1;412.70;6.00;65.00;105.00;4.00;46.00;7.00;9.00;17.00
2002.00;28_2;44H0;960.50;2.00;125.00;527.00;32.00;428.00;69.00;98.00;262.00
2002.00;28_2;44H1;824.60;25.00;345.00;772.00;38.00;469.00;75.00;102.00;243.00
2003.00;24;38G3;865.70;909.73;620.63;134.65;107.47;115.01;16.81;0.00;0.00
2003.00;24;38G4;1034.80;145.53;222.64;54.59;52.71;46.34;7.69;0.00;0.00
2003.00;24;39G3;765.00;60.37;92.32;22.01;20.80;21.95;3.85;0.00;0.00
2003.00;24;39G4;524.80;113.58;253.97;56.47;57.81;63.15;13.96;0.00;0.00
2003.00;25;37G5;642.20;3.72;24.65;13.79;36.88;37.25;18.82;6.71;5.83
2003.00;25;38G5;1035.70;113.45;165.24;87.35;204.91;199.59;103.29;39.06;28.98
2003.00;25;38G6;940.20;2.52;24.44;12.60;27.57;27.15;14.88;6.69;3.77
2003.00;25;39G4;287.30;14.24;71.06;37.79;60.92;57.41;25.05;12.81;6.95
2003.00;25;39G5;979.00;408.33;241.19;114.40;140.38;123.90;51.43;30.12;12.67
2003.00;25;39G6;1026.00;21.78;208.72;104.43;208.57;192.56;92.39;38.99;25.38
2003.00;25;39G7;1026.00;73.13;606.52;324.66;449.67;413.59;154.12;80.70;44.91
2003.00;25;40G4;677.20;9.58;126.84;64.42;137.61;124.57;57.91;23.46;16.76
2003.00;25;40G5;1012.90;27.91;137.42;65.27;138.42;124.17;57.27;22.34;16.19
2003.00;25;40G6;1013.00;24.80;786.00;427.87;666.46;608.75;226.29;114.24;67.13
2003.00;25;40G7;1013.00;46.60;302.49;163.79;193.55;181.74;68.92;40.33;19.11
2003.00;25;41G6;764.40;3.92;177.22;107.30;86.29;69.28;19.92;22.53;2.45
2003.00;25;41G7;1000.00;5.11;42.66;22.06;38.05;33.51;12.28;5.41;3.78
2003.00;26;38G9;918.20;362.10;1283.50;365.40;877.40;31.30;167.10;10.30;0.00
2003.00;26;39G8;1026.00;1096.43;756.14;547.69;411.33;318.53;175.42;5.67;13.64
2003.00;26;39G9;1026.00;2575.30;1454.90;312.60;1239.40;62.10;290.60;33.40;94.70
2003.00;26;39H0;881.60;36.80;99.30;36.90;208.30;57.50;28.10;0.00;0.00
2003.00;26;40G8;1013.00;445.06;861.54;1008.42;736.93;620.85;301.27;5.35;0.00
2003.00;26;40G9;1013.00;176.60;682.40;303.50;591.00;40.00;204.30;4.40;54.70
2003.00;26;40H0;1012.10;2230.50;372.40;83.90;240.20;33.50;79.20;6.70;20.70
2003.00;26;41G8;1000.00;341.96;1013.62;1354.27;1224.37;1067.28;454.99;10.35;1.25
2003.00;26;41G9;1000.00;345.40;625.70;287.90;793.60;144.30;828.10;65.80;306.10
2003.00;26;41H0;953.30;648.10;110.90;8.70;77.40;2.40;22.70;9.10;29.70
2003.00;28_2;42G9;986.90;682.10;640.30;299.30;1071.40;24.80;718.80;194.30;422.90
2003.00;28_2;42H0;968.50;1041.80;231.10;82.60;241.70;21.40;169.90;43.00;94.10
2003.00;28_2;43H0;973.70;776.70;221.30;123.00;588.10;0.50;265.90;74.60;316.40
2003.00;28_2;44H0;960.50;97.20;152.50;138.10;350.50;55.30;218.10;101.40;271.70
2003.00;28_2;44H1;824.60;3535.30;135.70;15.80;92.60;1.50;41.20;20.30;71.90
2004.00;24;38G2;832.90;13.89;1.67;4.57;5.82;5.31;3.78;1.73;0.29
2004.00;24;38G3;865.70;643.38;79.10;79.35;104.47;70.90;20.71;16.04;3.84
2004.00;24;38G4;1034.80;306.05;57.82;56.69;68.55;43.86;10.68;9.16;2.20
2004.00;24;39G2;406.10;5.37;0.65;1.77;2.25;2.05;1.46;0.67;0.11
2004.00;24;39G3;765.00;364.50;37.05;31.26;39.10;25.45;6.38;5.13;1.45
2004.00;24;39G4;524.80;129.13;36.11;40.44;48.33;30.85;7.23;6.31;1.64
2004.00;25;37G5;642.20;34.65;20.69;19.95;37.99;16.96;15.09;4.63;5.32
2004.00;25;38G5;1035.70;315.88;229.28;260.03;488.97;222.13;198.50;62.14;68.00
2004.00;25;38G6;940.20;7.51;12.35;13.29;20.72;6.94;6.65;1.80;2.38
2004.00;25;39G4;287.30;223.86;93.69;54.06;96.82;44.11;40.04;12.64;13.50
2004.00;25;39G5;979.00;591.18;352.08;270.43;418.37;163.23;152.95;45.38;53.95
2004.00;25;39G6;1026.00;152.13;266.34;307.58;570.64;190.39;180.71;44.58;60.05
2004.00;25;39G7;1026.00;557.92;492.30;420.85;609.80;181.09;183.30;44.30;70.81
2004.00;25;40G4;677.20;1645.95;522.51;237.37;388.19;136.02;126.05;34.93;42.31
2004.00;25;40G5;1012.90;1043.16;682.54;527.50;880.16;315.81;296.07;78.61;105.56
2004.00;25;40G6;1013.00;1881.56;832.70;556.72;896.72;311.03;294.28;77.03;102.51
2004.00;25;40G7;1013.00;1903.51;483.49;278.01;349.58;108.02;116.02;29.24;36.61
2004.00;25;41G6;764.40;198.86;261.09;140.76;171.75;53.17;56.53;14.20;20.12
2004.00;25;41G7;1000.00;1295.64;547.30;303.32;326.74;99.27;108.99;29.68;39.24
2004.00;26;38G9;918.20;5286.80;1743.60;520.20;165.40;594.30;11.70;343.60;193.00
2004.00;26;39G8;1026.00;1067.95;1556.55;950.77;911.55;99.52;96.52;128.24;6.01
2004.00;26;39G9;1026.00;3434.40;1089.10;788.30;94.80;695.70;57.80;372.00;106.00
2004.00;26;39H0;881.60;8352.70;128.80;29.20;0.00;23.00;0.00;10.70;0.00
2004.00;26;40G8;1013.00;1003.22;1601.70;806.43;679.30;86.27;85.05;90.83;2.44
2004.00;26;40G9;1013.00;8871.60;2344.90;1985.60;732.30;703.90;431.50;437.80;311.30
2004.00;26;40H0;1012.10;9354.80;450.90;239.10;26.30;117.60;0.00;99.10;33.40
2004.00;26;41G8;1000.00;687.85;1200.34;458.35;521.58;63.87;61.86;69.97;4.01
2004.00;26;41G9;1000.00;6309.20;2872.30;756.80;239.50;810.00;43.10;311.20;292.10
2004.00;26;41H0;953.30;11532.50;2145.10;588.00;97.10;176.10;0.00;654.30;290.80
2004.00;27;42G7;986.90;348.22;285.73;83.01;266.99;134.89;117.45;16.39;69.06
2004.00;27;43G7;913.80;1584.17;1173.12;149.25;428.56;245.96;172.59;20.01;118.40
2004.00;27;44G7;960.50;3387.79;1588.92;127.61;361.19;169.22;111.28;10.43;72.61
2004.00;28_2;42G8;945.40;562.94;1327.40;51.46;127.45;32.92;74.46;26.91;0.00
2004.00;28_2;42G9;986.90;11439.10;2884.90;67.30;64.40;291.30;16.10;174.60;88.80
2004.00;28_2;42H0;968.50;1564.90;3358.20;979.90;212.20;509.60;17.20;618.70;391.60
2004.00;28_2;43H0;973.70;4567.50;5864.10;382.40;218.40;939.40;0.00;710.80;1153.10
2004.00;28_2;43H1;412.70;626.10;1518.20;260.20;24.30;300.70;85.00;150.40;72.90
2004.00;28_2;44H0;960.50;12166.10;7379.00;431.00;27.50;1552.00;31.30;679.30;443.70
2004.00;28_2;44H1;824.60;3224.30;1544.80;40.80;3.80;70.60;13.30;93.90;199.10
2005.00;24;38G2;832.90;16.60;85.90;32.20;12.00;3.80;5.10;0.00;1.50
2005.00;24;38G3;865.70;98.40;509.60;190.70;71.30;22.40;29.90;0.00;8.90
2005.00;24;38G4;1034.80;4.00;41.90;13.30;2.80;0.80;1.60;0.00;0.20
2005.00;24;39G2;406.10;31.30;162.00;60.60;22.70;7.10;9.50;0.00;2.80
2005.00;24;39G3;765.00;24.50;127.10;47.60;17.80;5.60;7.50;0.00;2.20
2005.00;24;39G4;524.80;110.90;430.40;147.10;35.70;12.70;14.90;0.00;3.00
2005.00;25;37G5;642.20;1.20;25.80;19.20;11.60;9.30;5.30;2.90;2.30
2005.00;25;38G5;1035.70;12.00;315.20;230.80;157.70;118.30;67.60;36.10;32.80
2005.00;25;38G6;940.20;4.60;93.90;62.70;28.90;14.30;11.00;8.00;4.40
2005.00;25;39G4;287.30;23.10;280.50;173.80;108.90;93.20;47.10;25.60;22.10
2005.00;25;39G5;979.00;451.90;4867.70;2881.70;1117.90;564.60;377.90;275.10;171.20
2005.00;25;39G6;1026.00;111.70;1678.50;1056.30;441.10;187.30;139.30;111.70;63.80
2005.00;25;39G7;1026.00;148.10;1007.70;419.00;105.40;26.00;19.10;17.60;9.70
2005.00;25;40G4;677.20;8.60;203.80;149.90;82.80;41.90;28.70;22.80;13.70
2005.00;25;40G5;1012.90;234.20;1826.60;878.60;358.10;208.60;121.10;71.40;60.60
2005.00;25;40G6;1013.00;260.70;2285.00;1089.00;319.40;93.80;73.90;64.30;33.70
2005.00;25;41G6;764.40;628.30;5572.70;2069.10;465.90;53.10;64.40;81.40;23.80
2005.00;26;38G9;918.20;69.44;3499.40;980.15;196.02;17.69;37.42;8.96;40.07
2005.00;26;39G8;1026.00;44.34;2898.53;855.35;340.53;8.30;87.19;0.00;30.96
2005.00;26;39G9;1026.00;127.26;3074.30;639.24;248.12;7.54;51.09;9.78;21.61
2005.00;26;39H0;881.60;312.54;653.26;183.94;25.02;3.64;18.47;2.16;0.00
2005.00;26;40G8;1013.00;39.90;1450.11;908.92;424.31;62.41;165.95;12.13;130.04
2005.00;26;40G9;1013.00;37.33;1851.47;1282.33;237.28;51.90;119.72;10.49;63.85
2005.00;26;40H0;1012.10;41.53;2261.22;596.82;103.40;2.06;17.70;0.00;16.45
2005.00;26;41G8;1000.00;36.52;1775.68;357.36;111.15;40.23;29.00;40.56;76.97
2005.00;26;41G9;1000.00;2.96;425.54;67.41;55.31;30.84;36.16;20.06;63.79
2005.00;26;41H0;953.30;8.25;1271.47;139.77;28.14;58.11;31.40;35.70;48.20
2005.00;28_2;42G8;945.40;17.41;2343.43;619.81;38.30;90.53;184.55;163.66;198.48
2005.00;28_2;42G9;986.90;54.45;3752.85;589.15;230.83;156.98;75.14;81.15;94.34
2005.00;28_2;42H0;968.50;12.41;2646.71;375.15;86.61;132.37;76.72;53.81;71.83
2005.00;28_2;43G9;973.70;44.56;3973.00;668.43;171.49;169.90;150.85;78.18;71.01
2005.00;28_2;43H0;973.70;69.34;3533.79;321.79;108.34;79.03;62.95;23.42;71.47
2005.00;28_2;43H1;412.70;145.78;930.11;44.59;17.15;11.43;0.00;0.00;17.15
2005.00;28_2;44G9;876.60;161.15;5010.27;344.87;96.72;85.84;86.02;86.02;86.37
2005.00;28_2;44H0;960.50;50.03;3742.19;302.32;4.62;125.98;23.10;21.30;75.95
2005.00;28_2;44H1;824.60;0.00;3224.54;276.71;37.65;131.77;37.65;56.47;56.47
2005.00;28_2;45G9;924.50;93.67;6135.18;327.83;31.22;124.89;31.22;62.44;187.33
2005.00;28_2;45H0;947.20;64.26;4109.00;376.17;57.84;87.38;18.63;63.15;110.26
2005.00;28_2;45H1;827.10;0.00;1243.55;106.71;14.52;50.82;14.52;21.78;21.78
2006.00;24;38G2;832.90;0.00;0.01;0.08;0.01;0.00;0.00;0.00;0.00
2006.00;24;38G3;865.70;233.71;33.62;402.59;143.92;41.03;13.16;10.95;0.00
2006.00;24;38G4;1034.80;87.01;8.09;76.52;22.20;2.78;1.57;1.85;0.00
2006.00;24;39G2;406.10;0.00;0.02;0.24;0.02;0.00;0.00;0.00;0.00
2006.00;24;39G3;765.00;88.27;7.89;92.16;29.53;5.70;2.97;2.38;0.00
2006.00;24;39G4;524.80;28.20;2.79;31.19;9.30;1.22;0.69;0.70;0.00
2006.00;25;37G5;642.20;2.17;0.57;21.65;12.44;5.23;5.32;0.52;1.27
2006.00;25;38G5;1035.70;44.12;14.49;574.72;301.79;124.20;122.01;14.87;27.82
2006.00;25;38G6;940.20;4.44;2.28;84.76;44.30;16.97;16.63;2.30;4.24
2006.00;25;39G4;287.30;96.24;11.95;118.95;32.97;5.47;3.57;1.18;0.99
2006.00;25;39G5;979.00;281.07;48.33;1186.45;389.31;91.48;57.79;26.81;12.61
2006.00;25;39G6;1026.00;144.34;49.36;1768.31;767.60;249.01;222.31;45.26;54.06
2006.00;25;39G7;1026.00;455.48;99.43;2162.97;721.66;159.20;101.06;63.46;20.49
2006.00;25;40G4;677.20;91.97;15.10;359.38;128.53;33.85;24.06;6.86;5.49
2006.00;25;40G5;1012.90;390.77;69.12;1870.18;654.05;155.17;123.33;40.11;26.94
2006.00;25;40G6;1013.00;233.17;39.98;853.88;282.71;62.01;49.65;20.52;9.76
2006.00;25;40G7;1013.00;7.34;3.59;132.41;68.25;20.77;22.70;3.39;5.26
2006.00;25;41G6;764.40;436.69;46.28;1168.00;297.60;42.32;11.60;10.46;2.70
2006.00;25;41G7;1000.00;280.56;39.73;1394.41;413.07;85.09;28.59;23.30;7.73
2006.00;26;38G8;624.60;145.64;90.38;1617.02;722.89;93.63;36.41;1.42;0.00
2006.00;26;38G9;918.20;402.94;277.45;1324.47;537.80;47.67;18.18;34.15;0.00
2006.00;26;39G8;1026.00;232.77;131.23;2436.05;1063.75;204.52;77.22;3.57;0.00
2006.00;26;39G9;1026.00;723.47;742.24;3982.76;1320.14;176.15;3.41;73.57;29.32
2006.00;26;39H0;881.60;245.71;81.35;671.83;239.50;40.61;6.51;8.93;0.52
2006.00;26;40G8;1013.00;75.72;61.65;1242.25;535.82;75.84;32.97;2.08;0.00
2006.00;26;40G9;1013.00;1020.50;460.25;3717.73;890.47;132.54;6.32;85.62;17.92
2006.00;26;40H0;1012.10;125.87;204.36;593.83;502.58;209.39;46.49;57.20;34.47
2006.00;26;41G8;1000.00;667.83;473.71;7021.81;1012.24;644.75;68.34;84.28;285.90
2006.00;26;41G9;1000.00;137.34;193.65;1962.51;701.33;264.61;109.43;102.11;96.33
2006.00;26;41H0;953.30;44.58;164.14;1298.98;387.06;80.04;31.41;0.00;30.39
2006.00;27;42G7;986.90;222.21;113.59;2590.41;1179.35;210.33;53.53;11.05;20.81
2006.00;27;43G7;913.80;32.60;26.15;742.19;341.42;75.46;17.56;4.33;6.52
2006.00;27;44G7;960.50;494.97;96.13;2184.76;987.58;201.59;49.00;17.24;18.98
2006.00;27;45G7;908.70;1894.10;87.90;2230.63;944.75;176.81;31.32;5.57;10.74
2006.00;27;45G8;947.20;2007.23;88.69;1729.02;738.79;127.00;23.93;8.90;7.51
2006.00;27;46G8;884.80;1283.46;76.88;1743.83;777.75;140.10;50.02;11.81;19.56
2006.00;28_2;42G8;945.40;301.47;207.57;6769.13;1553.49;380.54;192.74;222.39;454.68
2006.00;28_2;42G9;986.90;728.46;215.42;3935.57;917.49;367.16;85.42;75.84;51.92
2006.00;28_2;42H0;968.50;626.53;111.04;3175.19;880.66;359.84;82.18;32.45;3.42
2006.00;28_2;43G9;973.70;527.95;619.88;3450.62;737.10;326.57;33.25;64.63;58.69
2006.00;28_2;43H0;973.70;281.23;157.78;1201.15;335.29;140.98;17.81;23.31;16.94
2006.00;28_2;44G9;876.60;364.66;174.42;2623.39;696.83;219.17;47.79;72.69;21.23
2006.00;28_2;44H0;960.50;342.35;176.44;3328.22;547.63;159.67;44.74;36.45;70.59
2006.00;28_2;44H1;824.60;545.35;119.21;1071.68;504.77;154.72;12.68;12.68;128.09
2006.00;28_2;45G9;924.50;59.99;187.59;1245.63;233.53;63.60;14.04;35.70;57.50
2006.00;28_2;45H0;947.20;1398.83;810.15;3692.94;586.50;15.83;67.13;93.43;127.31
2006.00;28_2;45H1;827.10;592.42;1337.52;3288.85;552.72;91.61;0.00;30.53;152.68
2007.00;24;38G2;832.90;151.50;18.75;7.36;11.28;1.81;2.18;0.22;0.00
2007.00;24;38G3;865.70;478.35;59.21;23.24;35.61;5.71;6.87;0.70;0.00
2007.00;24;38G4;1034.80;552.25;170.21;92.76;163.18;41.77;27.80;3.61;0.00
2007.00;24;39G2;406.10;176.82;21.89;8.59;13.16;2.11;2.54;0.26;0.00
2007.00;24;39G3;765.00;458.95;56.81;22.30;34.16;5.48;6.59;0.67;0.00
2007.00;24;39G4;524.80;931.41;127.92;33.99;76.12;16.62;7.12;1.50;0.00
2007.00;25;37G5;642.20;48.02;22.32;10.65;41.76;11.25;2.64;1.86;0.31
2007.00;25;38G5;1035.70;52.71;37.51;20.33;89.38;25.36;6.22;4.64;0.60
2007.00;25;38G6;940.20;173.91;80.84;38.58;151.25;40.74;9.54;6.75;1.13
2007.00;25;39G4;287.30;115.00;42.66;18.16;62.02;15.34;2.78;1.94;0.27
2007.00;25;39G5;979.00;79.48;73.28;35.73;172.04;41.46;7.90;7.33;0.45
2007.00;25;39G6;1026.00;1500.12;1330.73;526.27;2477.06;571.00;118.78;71.89;1.66
2007.00;25;39G7;1026.00;237.45;323.18;128.42;647.38;118.91;24.24;15.16;0.00
2007.00;25;40G4;677.20;209.56;150.31;71.21;322.51;79.65;16.26;12.94;1.22
2007.00;25;40G5;1012.90;740.50;739.87;333.59;1621.54;371.27;74.39;54.44;4.80
2007.00;25;40G6;1013.00;233.77;128.87;50.33;210.03;49.01;9.18;5.67;0.17
2007.00;25;40G7;1013.00;242.05;176.88;66.56;322.76;68.68;11.69;9.40;0.24
2007.00;25;41G6;764.40;1727.63;655.07;212.89;828.79;171.29;31.89;7.63;0.65
2007.00;25;41G7;1000.00;1844.41;370.59;100.47;376.80;79.67;15.07;3.84;0.26
2007.00;26;38G9;918.20;1154.99;1057.75;76.20;552.90;86.43;15.38;0.00;6.76
2007.00;26;39G8;1026.00;86.20;657.76;372.08;639.51;51.93;2.30;6.01;8.30
2007.00;26;39G9;1026.00;398.90;538.94;71.22;492.07;42.53;6.24;0.00;5.21
2007.00;26;39H0;881.60;2582.77;887.58;69.45;187.87;19.73;0.00;0.00;0.00
2007.00;26;40G8;1013.00;79.51;896.16;353.13;1622.03;151.42;24.01;10.59;16.85
2007.00;26;40G9;1013.00;210.20;1237.56;331.66;1099.06;163.97;9.21;12.22;50.03
2007.00;26;40H0;1012.10;4820.35;1018.06;201.20;1263.88;625.58;149.81;88.65;8.63
2007.00;26;41G8;1000.00;393.02;544.52;129.56;812.44;202.33;20.95;13.85;41.71
2007.00;26;41G9;1000.00;4167.69;713.59;141.89;913.40;160.21;10.87;0.00;6.98
2007.00;26;41H0;953.30;151.56;2760.32;257.45;2587.74;333.51;49.52;37.80;127.68
2007.00;27;42G7;986.90;1184.25;299.71;99.12;207.03;56.15;37.39;2.68;0.40
2007.00;27;43G7;913.80;615.09;289.01;180.85;425.44;108.88;78.03;13.00;3.37
2007.00;27;44G7;960.50;347.88;305.83;195.67;431.18;109.63;77.46;8.26;2.22
2007.00;27;45G7;908.70;537.58;229.36;91.23;199.63;50.42;38.63;2.20;0.63
2007.00;27;45G8;947.20;265.50;99.63;38.12;87.86;21.08;16.59;0.71;0.12
2007.00;27;46G8;884.80;371.35;262.11;110.35;257.62;67.54;46.71;2.55;0.88
2007.00;28_2;42G8;945.40;14.59;662.19;30.63;1098.78;855.20;134.67;30.63;105.02
2007.00;28_2;42G9;986.90;118.51;788.57;107.72;1199.02;243.80;51.13;21.71;34.49
2007.00;28_2;42H0;968.50;5485.92;1351.50;218.69;867.28;157.58;83.41;5.94;9.64
2007.00;28_2;43G9;973.70;559.66;792.06;129.91;940.54;132.47;19.22;5.17;27.68
2007.00;28_2;43H0;973.70;608.99;884.77;184.23;988.33;239.35;14.74;0.00;17.06
2007.00;28_2;43H1;412.70;1691.00;25.62;0.00;0.00;0.00;0.00;0.00;0.00
2007.00;28_2;44G9;876.60;3038.05;2273.93;263.91;2906.09;736.50;79.79;0.00;0.00
2007.00;28_2;44H0;960.50;1396.19;1047.68;118.28;1567.95;126.11;22.20;14.53;36.03
2007.00;28_2;44H1;824.60;6049.91;532.75;68.09;723.50;85.25;68.09;0.00;0.00
2007.00;28_2;45G9;924.50;1651.08;1167.05;245.60;1945.09;315.52;26.89;0.00;53.78
2007.00;28_2;45H0;947.20;1901.79;1995.81;743.97;1671.79;246.75;0.00;16.19;66.35
2007.00;28_2;45H1;827.10;1355.81;333.92;0.00;1955.93;317.16;0.00;20.12;20.12
2008.00;24;38G2;832.90;14.06;55.99;16.32;8.21;13.23;4.45;0.51;0.05
2008.00;24;38G3;865.70;129.94;713.84;186.37;90.53;174.73;56.38;3.27;1.98
2008.00;24;38G4;1034.80;43.50;551.05;164.26;81.09;130.39;48.10;4.05;1.55
2008.00;24;39G2;406.10;9.85;39.25;11.44;5.75;9.27;3.12;0.36;0.04
2008.00;24;39G3;765.00;47.15;274.14;71.24;35.46;60.97;20.53;0.96;0.52
2008.00;24;39G4;524.80;53.76;314.90;83.20;45.60;66.68;28.76;1.84;0.78
2008.00;25;38G5;1035.70;14.43;909.34;555.71;393.73;845.98;51.40;55.60;49.55
2008.00;25;38G6;940.20;22.86;577.97;289.08;191.14;431.91;26.56;18.97;19.61
2008.00;25;39G4;287.30;1.85;192.04;84.57;44.95;106.85;4.25;2.18;2.35
2008.00;25;39G5;979.00;6.01;968.12;446.04;247.89;567.00;19.89;14.17;18.21
2008.00;25;39G6;1026.00;16.54;1030.07;515.92;291.37;681.36;29.57;22.93;13.50
2008.00;25;39G7;1026.00;15.30;1213.37;476.32;248.36;611.77;20.97;6.09;7.50
2008.00;25;40G4;677.20;12.22;503.51;193.34;108.15;255.89;9.69;3.95;6.17
2008.00;25;40G5;1012.90;3.17;302.22;129.62;76.96;185.71;7.82;5.23;4.38
2008.00;25;40G6;1013.00;22.53;952.80;396.42;219.43;537.07;22.69;9.47;11.07
2008.00;25;40G7;1013.00;68.28;565.01;185.70;96.85;229.15;7.21;1.27;2.17
2008.00;25;41G6;764.40;42.27;995.31;360.98;200.72;478.57;21.38;6.48;9.88
2008.00;25;41G7;1000.00;339.74;1753.88;389.30;235.58;382.74;8.05;0.93;2.28
2008.00;26;38G9;918.20;468.17;1206.92;1271.45;71.15;539.44;193.77;33.46;9.62
2008.00;26;39G8;1026.00;5.04;575.24;260.54;252.77;204.31;131.02;1.74;5.56
2008.00;26;39G9;1026.00;157.79;1100.51;1217.93;49.71;975.74;376.61;12.55;0.00
2008.00;26;39H0;881.60;867.75;2390.57;2550.14;132.29;860.57;288.61;1.88;1.88
2008.00;26;40G8;1013.00;70.91;502.02;219.13;154.94;148.90;71.43;1.18;1.83
2008.00;26;40G9;1013.00;420.41;825.96;825.43;75.73;729.45;152.97;14.66;21.94
2008.00;26;40H0;1012.10;1156.00;278.00;342.00;157.00;305.00;241.00;120.00;93.00
2008.00;26;41G8;1000.00;66.30;708.96;456.20;57.46;311.77;91.06;5.10;17.46
2008.00;26;41G9;1000.00;933.25;1704.76;633.99;138.56;916.00;117.08;18.93;53.15
2008.00;26;41H0;953.30;1057.36;993.74;276.95;60.27;256.74;39.10;9.80;41.21
2008.00;27;42G7;986.90;89.69;822.99;181.36;272.48;216.44;78.79;33.80;2.33
2008.00;27;43G7;913.80;11.22;154.72;45.50;81.67;70.17;27.27;14.91;2.44
2008.00;27;44G7;960.50;52.36;771.12;191.60;337.20;255.69;112.13;49.60;4.45
2008.00;27;45G7;908.70;454.72;1333.75;261.86;265.89;247.04;60.85;15.69;0.47
2008.00;27;45G8;947.20;110.35;780.74;185.51;277.34;222.13;78.17;35.79;3.78
2008.00;27;46G8;884.80;428.16;855.27;176.70;216.99;173.29;59.16;20.27;3.22
2008.00;28_2;42G8;945.40;38.29;629.66;209.80;43.39;446.40;124.04;60.24;25.52
2008.00;28_2;42G9;986.90;92.78;1105.84;619.35;73.48;486.78;93.02;8.25;56.20
2008.00;28_2;42H0;968.50;249.24;1140.47;361.66;199.19;568.89;144.26;64.85;33.73
2008.00;28_2;43G9;973.70;85.39;1807.77;849.60;49.38;1062.46;188.71;0.00;14.26
2008.00;28_2;43H0;973.70;107.53;1358.03;607.23;146.04;646.76;145.46;4.31;41.26
2008.00;28_2;43H1;412.70;262.64;188.09;93.38;12.47;140.87;75.34;15.12;3.98
2008.00;28_2;44G9;876.60;0.00;1649.58;570.48;38.43;992.02;296.47;36.55;90.08
2008.00;28_2;44H0;960.50;19.38;925.09;181.54;235.24;371.87;190.49;17.48;429.74
2008.00;28_2;44H1;824.60;414.22;357.81;180.73;15.39;266.43;126.53;26.57;13.70
2008.00;28_2;45G9;924.50;459.56;2186.64;458.21;166.74;755.09;40.67;20.33;0.00
2008.00;28_2;45H0;947.20;324.65;2356.37;855.35;222.23;1214.03;83.86;10.22;68.11
2008.00;28_2;45H1;827.10;135.93;809.09;814.27;84.15;1480.96;286.09;56.96;216.19
2008.00;29;46G9;933.80;156.16;1686.95;515.72;606.29;283.74;319.09;17.21;7.82
2008.00;29;46H0;933.80;342.66;1773.91;528.29;639.22;251.09;294.69;10.11;8.68
2009.00;24;38G2;832.90;132.00;54.91;198.39;69.01;38.79;45.92;0.80;0.80
2009.00;24;38G3;865.70;374.22;129.06;510.15;172.74;89.85;107.96;1.58;1.58
2009.00;24;38G4;1034.80;400.23;126.38;427.17;158.26;70.52;88.16;1.61;1.62
2009.00;24;39G2;406.10;74.35;30.93;111.74;38.87;21.85;25.87;0.45;0.46
2009.00;24;39G3;765.00;289.11;99.71;394.14;133.46;69.42;83.41;1.22;1.22
2009.00;24;39G4;524.80;152.60;75.73;231.07;83.37;26.27;48.07;0.91;0.90
2009.00;25;37G5;642.20;31.62;62.93;184.12;52.87;18.40;80.71;33.07;7.43
2009.00;25;38G5;1035.70;234.38;1013.24;2135.52;577.34;158.30;840.90;354.40;52.93
2009.00;25;38G6;940.20;94.51;188.12;550.38;158.04;54.99;241.24;98.85;22.19
2009.00;25;39G4;287.30;192.00;252.40;515.51;147.84;50.57;211.02;86.64;21.34
2009.00;25;39G5;979.00;110.96;528.73;852.03;192.63;36.58;275.37;126.83;11.80
2009.00;25;39G6;1026.00;141.01;534.63;908.78;228.47;55.87;316.20;140.26;16.61
2009.00;25;39G7;1026.00;159.91;894.81;1726.50;348.90;63.66;571.78;259.43;10.44
2009.00;25;40G4;677.20;1134.95;593.40;769.76;177.57;44.03;246.47;107.83;14.42
2009.00;25;40G5;1012.90;77.13;524.19;646.09;136.21;18.74;172.60;86.66;5.32
2009.00;25;40G6;1013.00;1108.18;1639.52;1946.11;458.97;79.74;563.33;262.04;18.17
2009.00;25;40G7;1013.00;141.72;254.14;376.06;74.50;10.64;110.79;52.60;1.01
2009.00;25;41G6;764.40;3920.55;1205.33;930.56;192.79;16.72;175.23;91.95;3.18
2009.00;25;41G7;1000.00;512.43;1357.93;1050.00;246.38;10.80;188.33;107.00;2.76
2009.00;26;39G8;1026.00;254.33;329.50;338.28;72.57;54.24;73.59;40.45;0.00
2009.00;26;40G8;1013.00;301.59;610.60;686.24;130.04;96.88;142.21;67.66;0.00
2009.00;26;41G8;1000.00;1438.99;1211.25;1984.24;534.57;394.40;542.76;229.94;0.00
2009.00;27;42G7;986.90;2422.39;1025.66;970.33;311.56;179.07;182.53;13.98;19.55
2009.00;27;43G7;913.80;1815.89;520.30;567.42;182.80;119.84;115.76;12.17;13.84
2009.00;27;44G7;960.50;2786.79;1179.95;1116.30;358.42;206.01;209.99;16.08;22.49
2009.00;27;46G8;884.80;2917.37;1235.24;1168.61;375.22;215.66;219.83;16.83;23.55
2009.00;28_2;42G8;945.40;55.71;853.33;915.30;354.41;284.86;612.84;217.03;59.83
2009.00;28_2;42G9;986.90;441.96;731.69;759.17;281.74;228.64;515.14;167.09;58.11
2009.00;28_2;43G8;296.20;3.53;75.24;86.62;38.95;32.94;60.86;21.63;6.14
2009.00;28_2;43G9;973.70;300.83;628.11;737.04;334.33;289.33;520.72;181.09;56.65
2009.00;28_2;44G9;876.60;105.53;480.38;590.47;253.12;236.93;431.05;156.64;41.34
2009.00;28_2;44H0;960.50;3054.49;858.34;867.07;310.41;237.75;548.24;156.59;77.70
2009.00;28_2;44H1;824.60;4433.73;510.30;645.96;273.25;269.07;464.41;167.03;46.85
2009.00;28_2;45G9;924.50;1717.39;1249.40;1318.86;520.60;399.29;900.88;268.53;119.11
2009.00;28_2;45H0;947.20;2500.51;797.44;869.86;352.99;304.45;589.80;188.96;71.35
2009.00;28_2;45H1;827.10;4447.63;511.90;647.98;274.10;269.91;465.87;167.55;46.99
2010.00;24;38G2;832.90;1.41;13.59;17.96;38.05;2.61;5.19;9.35;3.60
2010.00;24;38G3;865.70;14.09;135.61;179.29;379.71;26.07;51.78;93.34;35.93
2010.00;24;38G4;1034.80;9.25;88.99;117.65;249.18;17.10;33.98;61.25;23.57
2010.00;24;39G3;765.00;6.31;60.71;80.26;169.98;11.67;23.18;41.79;16.08
2010.00;24;39G4;524.80;2.62;25.23;33.35;70.64;4.85;9.63;17.36;6.68
2010.00;25;37G5;642.20;7.38;67.79;28.30;48.99;18.75;6.66;15.91;6.49
2010.00;25;38G5;1035.70;89.01;754.34;326.84;606.84;254.00;89.10;218.23;80.24
2010.00;25;38G6;940.20;17.10;176.06;72.48;103.73;39.34;13.97;27.72;9.62
2010.00;25;39G4;287.30;4.56;42.00;23.20;49.73;18.47;6.46;20.05;7.75
2010.00;25;39G5;979.00;257.31;2561.24;867.11;1071.36;347.43;107.62;247.87;83.34
2010.00;25;39G6;1026.00;111.42;1683.01;682.12;860.67;303.20;95.73;194.15;60.62
2010.00;25;39G7;1026.00;72.35;970.32;342.56;367.05;124.56;34.89;75.19;19.27
2010.00;25;40G4;677.20;7.27;67.04;37.03;79.37;29.47;10.31;31.99;12.03
2010.00;25;40G5;1012.90;122.18;1301.83;417.87;455.72;159.67;46.68;107.11;26.52
2010.00;25;40G6;1013.00;100.28;1274.72;377.10;360.32;106.44;26.05;62.52;14.32
2010.00;25;40G7;1013.00;203.43;2096.62;548.81;491.77;140.23;33.79;70.25;17.85
2010.00;25;41G6;764.40;285.70;1884.64;354.65;299.10;77.53;17.03;38.69;8.90
2010.00;25;41G7;1000.00;70.03;838.66;239.30;219.97;63.83;13.28;33.62;6.89
2010.00;26;38G8;624.60;84.47;1454.97;633.24;797.82;222.14;45.26;340.52;23.40
2010.00;26;38G9;918.20;1.91;674.89;339.09;446.43;124.62;24.17;179.28;13.62
2010.00;26;39G8;1026.00;96.49;3430.24;1302.35;1763.18;527.81;119.03;772.62;40.76
2010.00;26;39G9;1026.00;82.21;1053.60;410.07;507.83;140.35;30.01;224.55;14.03
2010.00;26;39H0;881.60;59.90;1031.71;449.03;565.73;157.52;32.09;241.46;17.20
2010.00;26;40G8;1013.00;193.00;3704.69;865.76;1026.19;258.76;54.66;475.62;16.46
2010.00;26;40G9;1013.00;1386.46;1890.40;368.84;222.28;182.55;28.15;55.26;0.69
2010.00;26;40H0;1012.10;4584.81;724.59;169.06;40.71;9.76;4.66;7.33;6.50
2010.00;26;41G8;1000.00;40.66;2721.71;491.73;500.09;105.25;20.05;254.55;8.22
2010.00;26;41G9;1000.00;172.30;3668.42;778.80;780.37;185.69;88.55;298.40;17.23
2010.00;26;41H0;953.30;190.14;2311.88;68.25;115.44;43.56;0.00;19.60;6.53
2010.00;28_2;42G8;945.40;12.18;277.84;154.43;167.47;72.29;54.33;90.73;28.66
2010.00;28_2;42G9;986.90;54.69;1995.67;498.11;256.68;136.50;38.30;88.92;55.10
2010.00;28_2;42H0;968.50;138.50;2488.14;302.12;244.28;95.83;76.37;43.76;83.58
2010.00;28_2;43G8;296.20;4.38;304.27;121.46;121.84;53.39;36.54;64.64;23.07
2010.00;28_2;43G9;973.70;80.71;3563.15;598.54;291.11;156.04;53.83;104.35;65.81
2010.00;28_2;43H0;973.70;68.44;935.27;229.06;155.76;53.86;47.64;41.31;46.14
2010.00;28_2;44G9;876.60;23.22;2223.73;491.31;268.83;138.20;52.60;104.47;55.93
2010.00;28_2;44H0;960.50;94.60;1289.54;187.01;175.25;90.65;25.68;133.65;43.08
2010.00;28_2;44H1;824.60;50.36;434.05;62.43;67.78;64.00;12.80;81.00;17.63
2010.00;28_2;45G9;924.50;55.01;2358.78;349.19;141.42;79.11;20.41;43.09;42.11
2010.00;28_2;45H0;947.20;83.81;1657.52;398.93;119.70;57.73;0.00;127.58;65.11
2011.00;24;38G2;832.90;111.96;18.03;112.15;48.59;19.91;8.00;7.19;4.66
2011.00;24;38G3;865.70;504.35;69.37;393.50;145.89;47.80;21.81;19.03;9.63
2011.00;24;38G4;1034.80;107.35;194.87;1142.64;502.91;183.46;81.09;87.16;31.88
2011.00;24;39G2;406.10;29.82;10.05;61.92;28.65;12.46;4.88;4.27;2.97
2011.00;24;39G3;765.00;133.62;101.78;561.69;217.69;77.44;31.56;30.38;15.82
2011.00;24;39G4;524.80;21.46;31.89;181.58;69.22;22.21;9.92;10.45;4.03
2011.00;25;37G5;642.20;26.10;123.97;1219.37;184.03;86.17;7.45;29.57;27.09
2011.00;25;38G5;1035.70;63.42;255.07;2471.19;427.17;220.77;24.09;62.39;55.88
2011.00;25;38G6;940.20;92.98;245.38;2809.01;437.22;208.88;20.65;75.00;68.11
2011.00;25;39G4;287.30;28.92;12.70;129.40;28.13;15.57;3.20;4.17;3.23
2011.00;25;39G5;979.00;164.45;210.11;2390.82;665.28;390.03;104.90;102.86;72.86
2011.00;25;39G6;1026.00;42.92;120.34;1249.07;175.99;80.52;6.64;28.44;26.32
2011.00;25;39G7;1026.00;65.90;72.08;680.63;119.03;64.40;8.40;17.98;15.53
2011.00;25;40G4;677.20;33.43;44.27;461.66;126.23;69.56;16.55;21.54;16.68
2011.00;25;40G5;1012.90;62.29;161.51;1693.37;376.02;210.27;47.69;54.65;41.13
2011.00;25;40G6;1013.00;63.57;604.51;6624.64;1206.18;602.03;103.99;208.35;176.56
2011.00;25;40G7;1013.00;86.70;198.75;2095.58;368.24;197.32;23.10;57.46;50.53
2011.00;25;41G6;764.40;11.85;121.19;1392.06;236.46;117.07;19.18;39.97;34.05
2011.00;25;41G7;1000.00;77.87;111.10;1069.39;150.60;72.32;7.22;21.03;18.90
2011.00;26;39G8;1026.00;5.40;3.78;357.99;84.90;50.03;21.88;8.03;0.34
2011.00;26;40G8;1013.00;3.17;3.11;320.76;76.29;44.15;20.18;6.19;0.00
2011.00;26;40G9;1013.00;572.41;55.58;932.73;1353.23;1195.62;913.38;259.56;218.10
2011.00;26;40H0;1012.10;3172.58;162.97;729.61;479.75;205.32;141.08;41.93;55.06
2011.00;26;41G8;1000.00;163.58;59.38;3381.06;781.74;453.04;197.98;65.53;2.31
2011.00;26;41G9;1000.00;199.29;403.57;2340.12;215.68;278.15;111.13;48.98;166.96
2011.00;26;41H0;953.30;145.55;119.24;1048.10;189.99;141.51;50.64;21.09;74.30
2011.00;28_2;42G8;945.40;25.22;20.64;906.37;322.76;167.97;108.93;6.88;49.30
2011.00;28_2;42G9;986.90;79.25;35.74;1672.89;608.52;317.40;201.75;22.25;96.65
2011.00;28_2;42H0;968.50;276.70;507.87;3320.28;932.42;637.09;0.00;162.91;310.14
2011.00;28_2;43G9;973.70;446.48;68.29;1847.06;537.00;259.04;174.05;14.61;104.82
2011.00;28_2;43H0;973.70;1040.84;496.55;2710.11;518.25;368.57;117.08;186.88;187.47
2011.00;28_2;43H1;412.70;355.60;167.49;789.48;176.22;91.71;31.82;59.92;48.54
2011.00;28_2;44G9;876.60;237.35;58.76;1178.11;336.60;162.04;106.72;7.83;59.91
2011.00;28_2;44H0;960.50;898.08;217.93;2347.08;392.92;250.33;81.55;107.64;257.87
2011.00;28_2;44H1;824.60;686.62;101.12;550.45;133.47;186.41;18.40;10.21;48.69
2011.00;28_2;45G9;924.50;222.59;65.36;1114.03;317.01;158.26;100.77;7.18;61.49
2011.00;28_2;45H0;947.20;816.06;200.06;2547.14;427.05;136.44;171.91;107.61;341.16
2011.00;28_2;45H1;827.10;4010.30;507.67;2973.93;720.95;1045.38;45.06;0.00;204.27
2012.00;24;38G2;832.90;14.31;39.23;113.99;179.26;49.57;0.00;0.07;0.14
2012.00;24;38G3;865.70;281.86;142.73;376.98;618.34;187.90;0.00;0.73;1.45
2012.00;24;38G4;1034.80;35.19;41.46;92.35;144.65;34.94;0.00;0.00;0.00
2012.00;24;39G2;406.10;119.08;28.21;67.25;100.44;29.25;0.00;0.06;0.12
2012.00;24;39G3;765.00;277.92;65.84;156.95;234.43;68.26;0.00;0.14;0.29
2012.00;24;39G4;524.80;8.97;9.28;19.43;35.00;13.12;0.00;0.52;1.03
2012.00;25;37G5;642.20;4.00;6.68;4.98;22.14;3.64;4.01;0.91;0.45
2012.00;25;38G5;1035.70;314.51;703.35;465.74;1928.48;289.49;325.77;74.39;30.66
2012.00;25;38G6;940.20;80.19;519.28;247.90;810.09;91.11;101.67;21.78;5.68
2012.00;25;39G4;287.30;98.19;63.62;49.20;223.64;41.52;42.74;11.26;4.61
2012.00;25;39G5;979.00;240.75;1583.58;1048.80;4144.30;619.44;680.45;159.58;65.86
2012.00;25;39G6;1026.00;60.30;741.63;406.94;1398.28;176.80;188.97;38.92;15.11
2012.00;25;39G7;1026.00;215.39;988.67;352.04;915.64;80.30;67.37;10.98;3.62
2012.00;25;40G4;677.20;216.94;140.57;108.71;494.12;91.74;94.44;24.87;10.17
2012.00;25;40G5;1012.90;84.65;482.50;339.55;1397.47;214.72;244.52;56.81;26.95
2012.00;25;40G6;1013.00;93.97;608.77;353.05;1195.29;135.24;155.38;34.21;8.57
2012.00;25;40G7;1013.00;216.51;752.05;306.51;906.17;85.06;91.34;15.88;5.82
2012.00;25;41G6;764.40;193.15;483.88;173.74;509.53;45.22;49.60;8.76;2.54
2012.00;25;41G7;1000.00;55.24;211.62;103.56;300.29;26.10;28.20;4.77;1.13
2012.00;26;39G8;1026.00;571.78;350.92;269.62;983.55;264.59;57.71;1.90;92.29
2012.00;26;40G8;1013.00;155.18;702.89;427.12;1404.16;297.47;47.72;1.04;108.53
2012.00;26;40G9;1013.00;744.96;365.00;283.38;563.15;439.83;183.31;103.08;71.06
2012.00;26;40H0;1012.10;867.57;102.70;35.92;72.76;68.69;34.49;19.15;14.50
2012.00;26;41G8;1000.00;837.01;1613.20;509.01;1675.60;338.92;41.99;0.39;121.16
2012.00;26;41G9;1000.00;385.10;634.82;277.08;866.43;98.82;148.81;43.24;58.48
2012.00;26;41H0;953.30;780.59;942.37;61.10;630.04;92.87;250.26;108.02;126.11
2012.00;28_2;42G8;945.40;198.62;582.54;492.13;1209.98;327.18;209.31;57.40;90.21
2012.00;28_2;42G9;986.90;140.30;411.48;347.62;854.68;231.11;147.85;40.55;63.72
2012.00;28_2;42H0;968.50;430.19;971.56;165.22;1067.15;204.70;113.26;15.59;243.15
2012.00;28_2;43G8;296.20;167.32;122.87;96.93;232.76;63.73;41.72;11.21;17.85
2012.00;28_2;43G9;973.70;753.51;780.97;592.35;1397.78;386.94;262.02;69.33;118.04
2012.00;28_2;43H0;973.70;229.53;166.21;39.82;211.37;82.01;44.41;18.80;21.31
2012.00;28_2;43H1;412.70;430.14;586.55;273.72;1329.51;664.76;312.83;156.41;117.31
2012.00;28_2;44G9;876.60;144.37;414.25;249.68;526.07;149.71;116.66;26.07;53.82
2012.00;28_2;44H0;960.50;1163.99;395.14;164.41;372.91;77.56;93.49;7.18;63.13
2012.00;28_2;44H1;824.60;827.84;281.03;116.93;265.22;55.16;66.49;5.10;44.90
2012.00;28_2;45G9;924.50;2017.62;752.34;300.16;557.42;152.89;113.08;16.89;51.16
2012.00;28_2;45H0;947.20;3024.32;479.97;97.85;404.78;39.99;35.12;4.83;70.28
2012.00;28_2;45H1;827.10;3345.91;531.01;108.26;447.82;44.24;38.86;5.34;77.75
2013.00;24;38G2;832.90;12.73;0.51;1.92;1.92;4.74;2.28;0.95;0.40
2013.00;24;38G3;865.70;657.39;438.92;430.04;179.94;253.75;54.92;0.00;15.77
2013.00;24;38G4;1034.80;18.54;120.22;173.11;85.77;107.54;24.97;0.55;7.21
2013.00;24;39G2;406.10;25.56;2.52;4.95;4.48;10.79;5.26;2.12;0.90
2013.00;24;39G3;765.00;4.63;5.45;9.46;4.78;6.52;1.41;0.00;0.31
2013.00;24;39G4;524.80;68.75;139.40;180.44;78.93;91.94;19.56;0.43;5.12
2013.00;25;37G5;642.20;8.98;72.76;108.63;65.32;152.53;28.09;15.67;0.11
2013.00;25;38G5;1035.70;16.82;182.60;262.55;161.72;359.16;68.18;39.09;0.75
2013.00;25;38G6;940.20;75.86;403.80;319.93;199.90;331.40;61.45;35.36;0.93
2013.00;25;39G4;287.30;26.69;47.27;58.22;36.46;76.23;15.06;8.29;0.07
2013.00;25;39G5;979.00;325.58;908.74;813.83;517.69;930.78;181.38;97.40;0.00
2013.00;25;39G6;1026.00;109.47;690.27;533.57;340.63;535.85;99.85;55.73;0.77
2013.00;25;39G7;1026.00;117.09;724.18;501.36;317.54;455.61;81.94;43.34;0.00
2013.00;25;40G4;677.20;33.25;246.70;332.48;219.78;435.60;91.42;50.07;0.00
2013.00;25;40G5;1012.90;18.63;499.43;470.86;289.34;517.38;110.66;60.12;0.44
2013.00;25;40G6;1013.00;17.91;320.98;303.67;193.91;332.13;63.45;34.06;0.19
2013.00;25;40G7;1013.00;130.25;595.66;363.55;208.36;329.16;55.61;31.74;0.00
2013.00;25;41G6;764.40;2091.65;1929.21;1056.76;591.58;953.01;176.34;92.25;1.54
2013.00;25;41G7;1000.00;807.19;739.26;337.24;164.82;288.07;59.36;31.00;0.00
2013.00;26;38G8;624.60;10.41;158.05;101.94;36.70;53.62;3.58;0.00;0.00
2013.00;26;39G8;1026.00;136.72;953.90;749.87;355.41;573.64;62.76;0.00;0.00
2013.00;26;40G8;1013.00;50.09;1091.86;981.39;443.49;679.37;66.53;0.00;0.00
2013.00;26;40G9;1013.00;335.50;364.10;310.70;135.90;167.60;116.80;49.80;28.00
2013.00;26;40H0;1012.10;1056.90;177.10;105.30;77.10;83.50;74.50;25.20;38.30
2013.00;26;41G8;1000.00;569.42;3717.95;2057.73;828.63;1078.56;69.00;0.00;0.00
2013.00;26;41G9;1000.00;1981.30;2412.10;964.50;256.20;611.80;272.10;130.20;82.00
2013.00;26;41H0;953.30;2286.10;591.60;132.90;73.40;218.00;64.70;17.00;34.70
2013.00;27;42G7;986.90;1208.70;852.34;955.91;382.49;490.60;92.12;83.52;74.94
2013.00;27;43G7;913.80;25.78;181.47;176.35;69.02;82.49;15.88;14.59;12.14
2013.00;27;44G7;960.50;94.66;565.54;467.37;159.80;168.22;34.53;28.52;23.52
2013.00;27;45G7;908.70;561.38;1162.08;837.51;267.27;267.19;57.40;39.25;40.45
2013.00;27;45G8;947.20;863.26;1186.69;737.80;210.00;187.74;40.29;24.43;30.18
2013.00;27;46G8;884.80;161.62;438.02;282.22;121.36;159.71;27.32;32.05;29.81
2013.00;28_2;42G8;945.40;83.67;798.53;365.50;544.30;247.63;100.76;145.97;40.37
2013.00;28_2;42G9;986.90;162.56;1551.42;710.11;1057.49;481.11;195.76;283.60;78.43
2013.00;28_2;42H0;968.50;5806.50;1028.40;240.80;133.30;548.10;80.30;40.50;45.30
2013.00;28_2;43G8;296.20;5.88;61.67;38.54;86.89;50.87;22.30;15.58;5.61
2013.00;28_2;43G9;973.70;366.66;2291.31;647.28;915.25;329.58;107.06;235.67;38.04
2013.00;28_2;43H0;973.70;473.10;2031.20;556.90;171.30;433.00;179.20;110.00;57.50
2013.00;28_2;43H1;412.70;714.60;90.40;30.10;12.90;8.60;0.00;0.00;4.30
2013.00;28_2;44G9;876.60;69.19;618.48;235.82;338.25;140.41;54.20;90.65;22.46
2013.00;28_2;44H0;960.50;490.60;922.40;179.10;47.00;226.70;58.10;9.80;75.90
2013.00;28_2;44H1;824.60;717.50;258.40;55.80;9.00;57.80;8.20;2.60;6.90
2013.00;28_2;45G9;924.50;234.05;1504.70;461.56;628.32;216.64;68.73;167.25;27.07
2013.00;28_2;45H0;947.20;1205.80;1266.30;199.50;155.00;369.90;105.90;62.30;165.40
2013.00;28_2;45H1;827.10;233.00;511.70;70.50;68.30;164.70;44.20;25.70;71.50
2014.00;24;38G2;832.90;0.12;1.20;1.98;1.73;1.15;0.96;0.61;0.01
2014.00;24;38G3;865.70;205.55;164.43;178.72;118.59;101.40;58.20;24.31;0.53
2014.00;24;38G4;1034.80;282.02;237.51;233.52;153.28;124.75;72.89;31.74;0.45
2014.00;24;39G2;406.10;0.00;0.23;0.44;0.75;0.29;0.39;0.23;0.04
2014.00;24;39G3;765.00;0.91;42.36;61.99;76.85;43.29;42.13;18.09;3.98
2014.00;24;39G4;524.80;25.19;195.12;207.50;132.17;117.16;61.38;22.70;0.36
2014.00;25;37G5;642.20;16.97;111.77;113.62;63.23;78.36;23.28;10.06;6.15
2014.00;25;38G5;1035.70;104.59;689.90;720.56;410.25;523.59;160.56;69.23;42.95
2014.00;25;38G6;940.20;90.06;524.94;410.91;210.77;228.43;63.17;25.60;18.28
2014.00;25;39G4;287.30;23.94;112.53;106.82;68.79;89.12;37.99;13.59;10.20
2014.00;25;39G5;979.00;404.01;1592.79;1049.94;449.05;485.05;111.28;56.32;27.55
2014.00;25;39G6;1026.00;78.95;1108.85;751.36;303.47;306.75;66.38;33.39;16.81
2014.00;25;39G7;1026.00;22.79;205.19;117.41;44.96;40.69;7.21;4.75;1.94
2014.00;25;40G4;677.20;104.84;773.90;476.59;196.05;203.67;48.26;25.46;13.26
2014.00;25;40G5;1012.90;76.85;1696.26;1212.76;518.65;549.37;111.40;56.27;29.85
2014.00;25;40G6;1013.00;77.36;644.97;391.35;145.30;143.62;24.62;17.54;6.45
2014.00;25;40G7;1013.00;441.67;1043.96;596.67;227.00;217.34;37.47;21.66;10.96
2014.00;25;41G6;764.40;337.21;1254.09;500.96;172.00;94.72;15.88;10.52;3.24
2014.00;25;41G7;1000.00;228.07;848.21;338.83;116.34;64.07;10.74;7.12;2.19
2014.00;26;39G8;1026.00;31.35;720.85;432.79;286.35;176.05;107.86;46.65;16.33
2014.00;26;40G8;1013.00;11.80;579.55;310.18;197.45;125.78;80.19;28.41;12.58
2014.00;26;40G9;1013.00;72.36;264.45;282.19;346.88;178.19;223.74;119.40;79.24
2014.00;26;40H0;1012.10;918.94;161.95;139.77;42.19;27.97;38.29;9.23;9.29
2014.00;26;41G8;1000.00;86.79;587.71;213.40;121.22;71.08;45.42;25.18;7.14
2014.00;26;41G9;1000.00;296.46;1650.50;1391.30;351.17;151.78;373.59;29.90;133.00
2014.00;26;41H0;953.30;148.05;670.60;766.63;108.63;53.95;134.79;15.32;51.17
2014.00;28_2;42G8;945.40;135.87;814.63;586.56;114.31;163.15;35.97;25.31;17.71
2014.00;28_2;42G9;986.90;355.45;127.91;129.49;28.20;39.09;8.98;6.24;4.08
2014.00;28_2;42H0;968.50;908.43;547.46;700.08;216.21;37.81;249.23;39.06;30.73
2014.00;28_2;43G8;296.20;29.34;139.09;121.23;24.79;30.16;6.74;4.90;3.64
2014.00;28_2;43G9;973.70;259.45;780.55;649.20;133.79;169.28;38.35;26.99;20.98
2014.00;28_2;43H0;973.70;319.83;684.81;604.01;147.78;29.56;251.48;52.15;77.59
2014.00;28_2;43H1;412.70;778.68;128.65;253.31;102.67;10.17;78.74;22.87;9.17
2014.00;28_2;44G9;876.60;42.11;1328.93;1118.38;206.37;287.47;60.77;38.15;28.87
2014.00;28_2;44H0;960.50;760.22;665.76;429.80;133.57;21.54;199.79;12.76;60.38
2014.00;28_2;44H1;824.60;574.99;119.41;91.81;44.48;4.37;28.54;6.90;5.76
2014.00;28_2;45G9;924.50;76.96;1486.21;1062.80;197.17;297.08;66.90;42.85;30.58
2014.00;28_2;45H0;947.20;517.32;492.93;337.31;65.83;29.60;115.85;8.39;63.81
2014.00;28_2;45H1;827.10;92.00;120.80;66.20;17.75;6.28;30.63;1.35;12.10
2014.00;29;46G9;933.80;71.54;1371.38;699.76;107.08;268.40;56.25;5.10;81.83
2014.00;29;46H0;933.80;1028.87;1116.03;968.00;291.83;199.89;272.65;69.49;99.11
2014.00;29;46H1;921.50;174.05;322.21;193.14;107.48;40.07;75.44;37.50;49.04
2014.00;29;47H1;920.30;1809.80;1685.13;811.58;266.87;477.90;309.75;107.29;304.76
2014.00;29;47H2;793.90;112.37;667.41;611.70;220.31;271.66;270.67;52.68;193.69
2014.00;32;47H3;536.20;21.36;55.73;62.25;21.71;37.44;20.13;4.23;16.13
2015.00;24;38G2;832.90;3.21;6.90;7.50;12.16;5.99;6.68;4.53;1.65
2015.00;24;38G3;865.70;291.68;236.44;113.39;139.16;60.00;62.98;43.57;14.32
2015.00;24;38G4;1034.80;169.45;587.13;211.64;229.45;86.74;59.75;31.74;6.02
2015.00;24;39G2;406.10;2.89;6.20;6.75;10.94;5.39;6.01;4.08;1.48
2015.00;24;39G3;765.00;2.70;49.73;37.03;49.53;19.38;13.78;10.51;6.22
2015.00;24;39G4;524.80;25.00;60.69;25.03;28.17;10.65;9.48;5.41;0.76
2015.00;25;37G5;642.20;45.59;49.78;188.89;121.35;128.58;59.93;35.65;18.32
2015.00;25;38G5;1035.70;243.18;265.52;1007.46;647.24;685.78;319.63;190.13;97.71
2015.00;25;38G6;940.20;33.54;219.43;597.68;339.51;304.27;134.35;79.11;40.61
2015.00;25;39G4;287.30;67.55;32.28;110.05;78.75;78.96;38.62;24.59;11.68
2015.00;25;39G5;979.00;516.90;784.10;1945.06;962.41;587.66;280.16;110.04;79.82
2015.00;25;39G6;1026.00;344.30;1246.65;3018.12;1493.39;993.84;402.89;171.49;132.27
2015.00;25;39G7;1026.00;449.13;712.48;1452.86;646.60;327.58;154.52;45.31;45.32
2015.00;25;40G4;677.20;347.85;241.55;629.80;339.36;271.17;110.91;62.33;37.93
2015.00;25;40G5;1012.90;3536.47;500.98;1236.17;595.96;356.37;173.08;51.71;46.73
2015.00;25;40G6;1013.00;3740.44;767.19;1767.90;868.82;556.89;258.97;103.55;73.91
2015.00;25;40G7;1013.00;3804.04;800.36;1398.47;595.55;271.90;134.92;41.87;38.05
2015.00;25;41G6;764.40;4134.74;34.99;74.03;34.99;20.19;8.08;2.69;2.69
2015.00;25;41G7;1000.00;1991.26;454.20;841.97;355.34;166.04;71.84;14.69;26.28
2015.00;26;38G9;918.20;2595.02;2020.51;747.93;424.56;56.64;14.13;57.07;7.92
2015.00;26;39G8;1026.00;255.08;1559.82;956.43;634.52;135.79;127.23;36.86;34.40
2015.00;26;39G9;1026.00;4111.54;1771.67;1731.99;825.53;236.05;64.88;237.01;16.99
2015.00;26;39H0;881.60;7326.02;551.82;400.88;159.45;0.00;0.00;0.00;0.00
2015.00;26;40G8;1013.00;2114.54;2376.73;1336.18;791.72;149.80;137.88;36.22;33.49
2015.00;26;40G9;1013.00;135.68;512.91;882.53;364.97;162.93;47.08;74.96;15.71
2015.00;26;41G8;1000.00;617.61;888.26;541.18;333.04;63.95;64.94;12.52;11.62
2015.00;26;41G9;1000.00;1663.90;940.70;770.90;742.60;117.90;23.20;270.90;54.20
2015.00;26;41H0;953.30;446.80;201.40;194.30;173.20;14.80;5.40;58.60;9.40
2015.00;27;45G8;947.20;3509.03;229.49;316.20;156.73;29.99;111.28;0.00;44.81
2015.00;27;46G8;884.80;4882.34;603.56;746.93;317.50;54.59;205.87;0.00;71.46
2015.00;28_2;42G8;945.40;298.91;385.51;649.82;922.86;314.23;235.17;11.33;104.95
2015.00;28_2;42G9;986.90;547.16;465.38;659.23;782.16;231.02;144.09;0.00;94.05
2015.00;28_2;42H0;968.50;1996.40;259.70;336.90;283.90;82.80;20.90;106.80;26.10
2015.00;28_2;43G9;973.70;2109.44;966.77;1244.54;1394.03;419.82;247.32;0.00;170.65
2015.00;28_2;43H0;973.70;3326.80;184.70;141.80;173.60;61.90;12.10;114.00;62.30
2015.00;28_2;43H1;412.70;740.90;125.00;90.30;86.80;35.90;11.60;46.30;26.60
2015.00;28_2;44G9;876.60;2700.27;218.16;299.59;364.71;124.40;78.77;7.98;50.33
2015.00;28_2;44H0;960.50;3461.00;177.10;214.80;157.50;47.00;15.60;59.60;45.40
2015.00;28_2;44H1;824.60;3624.80;199.90;188.70;145.40;0.00;0.00;40.60;19.30
2015.00;28_2;45G9;924.50;2239.80;358.81;438.53;534.71;161.84;147.05;0.00;76.81
2015.00;28_2;45H0;947.20;714.30;52.30;90.30;159.40;39.70;12.80;78.50;40.70
2015.00;28_2;45H1;827.10;3018.30;73.80;86.40;56.30;4.90;4.90;4.90;9.70
2015.00;29;46G9;933.80;8199.23;86.03;212.41;95.81;27.73;58.30;0.00;0.00
2015.00;29;46H0;933.80;3665.90;33.60;129.50;133.70;48.10;0.00;137.70;79.30
2015.00;29;46H1;921.50;3650.60;128.40;108.90;162.60;48.10;13.30;34.20;40.50
2015.00;29;47G9;876.20;8787.15;92.20;227.64;102.68;29.72;62.48;0.00;0.00
2015.00;29;47H1;920.30;1775.90;81.90;163.60;112.50;53.30;17.50;88.70;60.00
2015.00;29;47H2;793.90;893.40;33.00;116.30;109.60;19.50;14.60;109.00;66.10
2015.00;32;47H3;536.20;539.90;20.20;104.60;108.30;5.00;4.70;70.80;48.30
2016.00;26;40G9;1013.00;190.47;1828.39;744.69;220.76;76.12;76.05;20.70;25.94
2016.00;26;40H0;1012.10;1035.24;1603.78;1047.48;323.91;134.78;62.10;60.46;13.96
2016.00;26;41G8;1000.00;648.94;6893.55;666.20;245.16;129.92;0.00;89.64;64.05
2016.00;26;41G9;1000.00;539.31;3778.31;222.36;151.19;71.70;8.01;16.68;6.97
2016.00;26;41H0;953.30;471.78;2584.43;279.30;131.87;77.06;4.93;9.86;48.66
2016.00;28_2;42G9;986.90;1529.57;6536.53;484.89;309.00;174.17;91.98;34.55;37.23
2016.00;28_2;42H0;968.50;947.06;3087.60;180.54;74.27;34.04;27.83;0.00;24.77
2016.00;28_2;43G9;973.70;322.72;3345.43;288.45;250.68;98.13;55.69;0.00;17.96
2016.00;28_2;43H0;973.70;570.51;3100.46;256.26;143.27;43.56;41.51;7.34;25.64
2016.00;28_2;43H1;412.70;222.31;818.94;93.48;48.31;18.85;11.78;5.89;0.00
2016.00;28_2;44G9;876.60;423.92;2868.45;149.33;65.03;65.72;17.89;0.00;29.59
2016.00;28_2;44H0;960.50;362.07;2587.08;215.53;102.94;44.89;24.50;0.00;58.92
2016.00;28_2;44H1;824.60;426.28;2073.77;204.36;135.22;67.14;33.29;10.14;17.33
2016.00;28_2;45H0;947.20;1626.34;4368.40;157.54;118.41;60.57;27.27;3.22;48.66
2016.00;28_2;45H1;827.10;909.86;2485.44;92.29;62.88;49.28;34.05;5.59;21.55
2016.00;29;46H0;933.80;182.56;2467.08;150.06;245.81;134.55;36.50;60.27;111.00
2016.00;29;46H1;921.50;289.92;1679.85;67.55;126.80;81.26;19.50;23.95;55.63
2016.00;29;47H1;920.30;510.11;4948.12;108.83;246.47;185.39;59.45;56.85;136.93
2016.00;29;47H2;793.90;18.07;1851.88;59.68;156.94;100.59;34.37;35.55;83.51
2016.00;32;47H3;536.20;174.73;1889.22;34.67;64.14;57.21;0.00;13.87;74.77
2017.00;24;38G2;832.90;292.92;16.68;24.61;12.81;5.31;0.64;1.44;0.15
2017.00;24;38G3;865.70;898.68;184.35;641.35;251.80;74.59;4.35;22.35;1.18
2017.00;24;38G4;1034.80;226.63;241.28;865.43;325.60;99.02;4.29;24.40;0.65
2017.00;24;39G2;406.10;496.49;28.27;41.71;21.72;8.99;1.09;2.44;0.25
2017.00;24;39G3;765.00;0.11;4.30;16.97;6.32;1.60;0.11;0.44;0.02
2017.00;24;39G4;524.80;5.99;57.75;285.06;147.36;59.75;3.99;15.29;1.04
2017.00;25;37G5;642.20;4.15;45.26;663.07;434.53;153.35;67.68;12.03;1.64
2017.00;25;38G5;1035.70;11.96;155.95;2041.03;1045.29;306.34;137.86;19.65;1.64
2017.00;25;38G6;940.20;0.00;19.75;352.91;232.71;80.21;35.90;5.65;1.37
2017.00;25;38G7;471.70;0.14;5.16;84.98;56.47;21.25;9.28;1.85;0.33
2017.00;25;39G4;287.30;11.70;5.39;183.94;121.32;75.67;21.31;11.12;14.15
2017.00;25;39G5;979.00;176.04;331.96;3251.40;536.84;535.02;108.60;40.88;16.00
2017.00;25;39G6;1026.00;4.61;93.39;862.21;299.66;96.19;40.69;6.15;1.99
2017.00;25;39G7;1026.00;154.82;341.49;2634.03;769.00;226.98;99.29;17.51;3.21
2017.00;25;40G4;677.20;12.20;15.66;365.28;215.39;177.64;52.23;5.59;57.60
2017.00;25;40G5;1012.90;35.69;22.89;664.34;211.47;144.67;39.05;20.58;16.28
2017.00;25;40G6;1013.00;500.08;843.64;3926.10;451.46;478.19;103.83;25.68;8.43
2017.00;25;40G7;1013.00;772.44;1286.61;2866.52;89.89;75.29;43.55;3.28;0.00
2017.00;25;41G6;764.40;136.52;519.62;2168.58;263.73;282.98;55.96;12.86;5.86
2017.00;25;41G7;1000.00;342.56;956.82;3238.15;116.06;110.44;27.25;2.54;0.65
2017.00;26;37G8;86.00;392.92;109.70;464.09;65.94;16.11;1.89;2.22;0.00
2017.00;26;37G9;151.60;34.69;45.52;310.31;41.25;7.60;0.33;0.96;0.00
2017.00;26;38G8;624.60;925.91;630.65;3855.80;647.60;148.68;19.97;22.84;0.00
2017.00;26;38G9;918.20;1327.14;2829.18;13017.01;1223.40;213.57;0.00;18.45;0.00
2017.00;26;39G8;1026.00;339.65;773.48;5295.78;957.59;193.91;23.69;34.18;0.00
2017.00;26;39G9;1026.00;3018.96;5322.02;23194.73;2254.38;344.35;0.00;42.46;0.00
2017.00;26;40G8;1013.00;749.84;2340.65;8342.55;884.13;161.32;11.26;21.09;0.00
2017.00;26;40G9;1013.00;301.04;514.32;1638.88;1626.79;387.51;256.59;79.42;136.31
2017.00;26;40H0;1012.10;5715.37;481.15;707.97;506.40;147.68;191.11;38.38;73.71
2017.00;26;41G8;1000.00;365.13;1428.37;4056.53;438.66;21.97;8.03;8.03;8.03
2017.00;26;41G9;1000.00;865.61;922.45;4471.08;547.47;311.01;54.40;57.31;43.83
2017.00;26;41H0;953.30;310.52;297.71;1197.01;194.75;102.12;14.36;20.16;5.72
2017.00;27;45G8;947.20;453.01;345.39;1755.85;20.52;3.06;3.06;0.00;0.00
2017.00;27;46G8;884.80;296.04;699.66;2453.26;89.88;10.23;2.56;0.00;0.00
2017.00;28_2;42G8;945.40;1108.43;1128.07;2428.45;565.00;31.69;48.07;0.00;17.83
2017.00;28_2;42G9;986.90;674.14;2033.05;5349.33;795.72;183.00;86.93;28.79;29.01
2017.00;28_2;42H0;968.50;2666.90;1062.80;3157.94;251.21;232.85;76.66;28.39;65.31
2017.00;28_2;43G9;973.70;738.07;1714.70;3986.87;642.81;145.67;106.49;12.96;48.48
2017.00;28_2;43H0;973.70;519.57;598.75;1918.22;131.51;111.71;57.98;2.16;47.73
2017.00;28_2;43H1;412.70;124.78;101.81;328.01;14.65;19.21;11.88;0.00;11.68
2017.00;28_2;44G9;876.60;304.96;1151.22;1850.41;488.18;33.68;49.21;0.00;18.24
2017.00;28_2;44H0;960.50;2073.01;2201.46;7771.49;383.16;336.03;127.56;58.73;154.97
2017.00;28_2;44H1;824.60;967.18;336.02;566.68;51.72;60.10;29.03;0.00;23.86
2017.00;28_2;45G9;924.50;338.42;1118.80;1624.19;467.60;33.82;53.86;0.00;16.48
2017.00;28_2;45H0;947.20;1172.01;930.18;1705.81;207.58;68.66;25.85;6.71;31.89
2017.00;28_2;45H1;827.10;1025.75;603.48;1129.10;132.93;42.46;18.26;8.46;23.81
2017.00;29;46G9;933.80;751.88;1108.27;2730.20;224.14;87.50;15.58;11.48;0.00
2017.00;29;46H0;933.80;1767.36;612.98;1742.86;123.52;100.85;14.15;37.17;50.33
2017.00;29;46H1;921.50;1967.66;626.49;1203.52;50.55;43.24;7.38;18.23;18.27
2017.00;29;47G9;876.20;281.91;559.57;1518.06;242.66;68.32;28.64;18.51;2.86
2017.00;29;47H0;920.30;259.94;387.40;1062.69;116.97;37.53;17.49;10.85;1.95
2017.00;29;47H1;920.30;1302.10;685.64;2094.22;123.25;88.93;11.86;34.35;35.46
2017.00;29;47H2;793.90;502.40;500.78;1558.75;163.26;137.70;25.04;47.48;94.69
2017.00;32;47H3;536.20;335.63;312.29;757.00;56.21;52.90;37.36;20.03;46.87
2018.00;24;38G2;832.90;387.92;471.53;277.23;185.77;14.15;3.58;3.26;0.29
2018.00;24;38G3;865.70;31.63;778.72;915.67;673.54;73.87;19.89;14.57;0.00
2018.00;24;38G4;1034.80;233.90;485.99;374.00;258.21;21.21;5.15;4.15;0.45
2018.00;24;39G2;406.10;45.61;141.11;84.61;58.87;4.82;1.39;1.22;0.06
2018.00;24;39G3;765.00;27.89;221.38;159.19;113.72;8.42;2.18;1.81;0.00
2018.00;24;39G4;524.80;55.32;209.86;140.11;94.43;6.73;1.85;1.52;0.08
2018.00;25;37G5;642.20;8.39;32.41;49.53;346.07;111.25;47.87;19.32;4.86
2018.00;25;38G5;1035.70;79.58;125.52;273.23;1137.35;178.63;42.61;24.15;6.16
2018.00;25;38G6;940.20;0.00;74.42;229.09;1153.21;235.13;67.06;38.77;11.33
2018.00;25;38G7;471.70;1.98;29.12;94.46;514.14;120.67;39.48;19.35;5.64
2018.00;25;39G4;287.30;59.51;30.48;66.70;172.72;38.92;4.66;9.46;0.00
2018.00;25;39G5;979.00;178.64;553.13;1011.88;2370.75;279.30;26.22;32.67;0.00
2018.00;25;39G6;1026.00;856.86;953.41;992.46;2746.91;186.96;34.59;22.00;6.14
2018.00;25;39G7;1026.00;3545.88;1663.11;1185.34;2937.51;111.53;2.16;4.09;0.54
2018.00;25;40G4;677.20;73.79;29.32;58.94;133.36;29.19;1.70;2.42;0.00
2018.00;25;40G5;1012.90;41.53;129.61;249.75;593.48;78.01;7.20;10.47;0.00
2018.00;25;40G6;1013.00;258.69;532.54;951.27;2029.48;165.76;16.01;19.16;0.00
2018.00;25;40G7;1013.00;1058.16;950.40;1476.25;3331.69;392.33;34.69;36.53;0.00
2018.00;25;41G6;764.40;20.45;46.31;60.51;87.18;3.70;0.24;0.24;0.00
2018.00;25;41G7;1000.00;42.47;104.47;203.53;500.82;53.13;8.39;9.64;0.00
2018.00;26;37G8;86.00;189.76;85.80;177.68;209.10;15.69;1.13;0.15;0.00
2018.00;26;37G9;151.60;199.32;118.65;262.60;340.46;27.53;2.64;0.72;0.00
2018.00;26;38G8;624.60;407.62;570.85;1430.58;1784.71;143.06;13.40;1.74;0.00
2018.00;26;38G9;918.20;471.31;382.03;1062.57;1484.11;138.78;17.18;3.97;0.00
2018.00;26;39G8;1026.00;2000.00;1256.06;3800.47;4782.25;407.38;49.51;7.95;0.00
2018.00;26;39G9;1026.00;1893.01;2398.25;6366.33;8010.91;661.00;82.87;11.17;0.00
2018.00;26;40G8;1013.00;447.15;2293.61;3856.53;4947.23;416.17;49.87;4.83;0.00
2018.00;26;40G9;1013.00;667.68;815.28;1058.01;2151.72;1299.46;531.26;148.99;58.18
2018.00;26;40H0;1012.10;3580.05;620.72;1033.78;1699.38;616.24;327.27;257.43;67.91
2018.00;26;41G8;1000.00;135.68;1502.48;1957.80;2728.56;119.28;0.00;0.00;14.31
2018.00;26;41G9;1000.00;1219.27;1202.40;980.59;3379.60;147.33;102.02;41.12;144.26
2018.00;26;41H0;953.30;234.00;201.61;420.46;1338.74;102.14;100.04;30.52;62.75
2018.00;27;45G8;947.20;321.88;553.80;639.89;685.57;35.52;5.84;1.62;0.81
2018.00;27;46G8;884.80;230.54;520.12;579.68;632.78;31.37;3.90;1.16;2.13
2018.00;28_2;42G8;945.40;179.81;528.51;718.25;1879.39;55.43;32.39;8.10;10.03
2018.00;28_2;42G9;986.90;294.55;1166.45;934.99;2711.94;19.41;14.33;3.58;3.58
2018.00;28_2;42H0;968.50;1107.97;258.29;297.15;1080.33;92.71;64.22;28.94;12.93
2018.00;28_2;43G9;973.70;64.98;355.90;267.18;782.03;4.28;1.62;0.40;0.40
2018.00;28_2;43H0;973.70;444.71;481.19;652.05;1727.62;189.64;72.57;59.71;58.08
2018.00;28_2;43H1;412.70;400.18;6.93;13.87;41.63;9.25;2.31;0.00;0.00
2018.00;28_2;44G9;876.60;141.38;438.51;300.38;888.72;4.69;1.52;0.38;0.94
2018.00;28_2;44H0;960.50;792.46;333.93;159.70;723.72;35.69;26.22;10.24;41.49
2018.00;28_2;44H1;824.60;982.87;90.93;165.16;279.91;8.72;24.57;16.70;15.18
2018.00;28_2;45G9;924.50;104.98;398.18;313.87;874.35;5.57;1.47;0.37;0.94
2018.00;28_2;45H0;947.20;789.66;225.76;173.74;628.54;41.10;21.75;20.47;22.62
2018.00;28_2;45H1;827.10;1579.24;178.65;146.02;517.82;37.16;16.57;18.45;24.66
2018.00;29;46G9;933.80;110.17;261.13;442.30;786.21;35.29;4.73;6.32;0.35
2018.00;29;46H0;933.80;149.07;248.32;448.61;883.68;51.08;11.59;9.94;1.66
2018.00;29;46H1;921.50;562.88;82.44;115.42;645.18;76.26;49.83;46.39;53.87
2018.00;29;47G9;876.20;537.65;550.57;937.13;1708.13;92.73;17.16;17.37;1.43
2018.00;29;47H0;920.30;194.98;429.77;826.95;1460.71;100.99;17.21;18.88;2.13
2018.00;29;47H1;920.30;974.69;156.70;173.66;1016.35;72.99;29.13;28.08;32.29
2018.00;29;47H2;793.90;403.33;70.16;107.66;636.92;64.94;45.58;45.59;52.11
2018.00;32;47H3;536.20;134.71;63.31;81.85;326.45;34.61;21.49;23.58;29.51
2019.00;24;37G4;875.10;138.25;68.32;173.85;158.17;138.00;9.83;0.00;14.09
2019.00;24;38G2;832.90;20.63;2.02;15.28;18.77;17.36;1.32;0.00;1.25
2019.00;24;38G3;865.70;236.31;141.42;274.77;228.40;210.52;11.88;0.00;23.64
2019.00;24;38G4;1034.80;359.37;251.01;488.51;423.64;391.15;27.48;0.00;36.47
2019.00;24;39G2;406.10;3.77;0.37;2.79;3.43;3.17;0.24;0.00;0.23
2019.00;24;39G3;765.00;15.04;18.41;38.19;54.39;32.18;15.71;0.00;11.90
2019.00;24;39G4;524.80;234.80;382.54;413.56;264.81;321.54;11.35;0.00;27.06
2019.00;25;37G5;642.20;3.36;34.37;176.03;296.44;348.08;63.14;32.05;15.00
2019.00;25;38G5;1035.70;52.01;242.30;1304.76;1547.01;1663.86;194.09;78.85;49.69
2019.00;25;38G6;940.20;12.80;68.93;335.95;560.64;640.51;101.80;46.46;25.95
2019.00;25;38G7;471.70;0.32;6.61;38.55;51.90;53.05;4.48;0.67;1.18
2019.00;25;39G4;287.30;376.54;419.76;326.92;1116.47;671.25;106.72;0.00;9.24
2019.00;25;39G5;979.00;845.95;1695.73;900.63;2379.88;1428.06;145.96;0.00;9.09
2019.00;25;39G6;1026.00;73.22;224.56;1420.25;1209.25;1154.91;83.73;29.72;19.84
2019.00;25;39G7;1026.00;332.22;407.60;2107.02;1181.84;1075.20;57.17;7.46;15.48
2019.00;25;40G4;677.20;397.23;602.36;482.89;1742.88;1036.59;165.94;0.00;8.34
2019.00;25;40G5;1012.90;2124.03;2070.99;800.12;1451.54;779.01;31.49;0.00;0.00
2019.00;25;40G6;1013.00;1958.31;1376.98;708.56;1928.67;1115.48;128.25;0.00;0.00
2019.00;25;40G7;1013.00;354.82;568.58;260.33;539.49;327.86;16.56;0.00;0.00
2019.00;25;41G6;764.40;792.47;988.80;373.77;851.37;447.72;35.33;0.00;0.00
2019.00;25;41G7;1000.00;204.38;418.99;370.38;998.13;663.02;59.64;0.00;1.38
2019.00;26;37G8;86.00;22.82;42.38;80.10;124.90;55.52;12.40;0.60;0.90
2019.00;26;37G9;151.60;55.88;202.58;443.06;570.63;242.94;50.64;0.90;0.00
2019.00;26;38G8;624.60;159.35;875.78;1621.71;1989.86;761.94;140.22;0.98;5.93
2019.00;26;38G9;918.20;275.35;1508.76;2960.35;3034.42;1230.46;234.67;1.91;0.00
2019.00;26;39G8;1026.00;837.21;1466.71;2919.80;4349.99;1857.69;355.18;7.79;15.78
2019.00;26;39G9;1026.00;1047.36;2304.87;4488.14;6168.55;2450.44;432.11;6.98;0.00
2019.00;26;40G8;1013.00;751.23;1211.80;2370.73;3075.49;1393.37;247.76;9.28;5.66
2019.00;26;40G9;1013.00;12.92;44.00;48.25;242.27;132.14;12.19;0.71;0.00
2019.00;26;40H0;1012.10;481.77;288.43;283.53;425.73;278.80;47.45;0.00;0.00
2019.00;26;41G8;1000.00;65.49;485.03;322.99;1069.12;441.55;16.81;4.20;35.50
2019.00;26;41G9;1000.00;305.84;1129.83;388.23;554.75;1610.82;65.18;98.69;36.28
2019.00;26;41H0;953.30;315.81;206.54;48.07;96.78;231.68;5.74;18.53;1.68
2019.00;27;45G8;947.20;1091.02;802.88;224.91;395.90;145.71;0.72;0.00;0.72
2019.00;27;46G8;884.80;1338.48;984.94;372.28;703.43;252.26;2.93;0.00;2.93
2019.00;28_2;42G8;945.40;135.19;734.09;667.18;1655.86;535.52;26.05;0.00;16.05
2019.00;28_2;42G9;986.90;210.90;1497.87;738.03;1921.07;774.06;15.97;0.00;21.40
2019.00;28_2;42H0;968.50;181.87;824.22;207.95;192.72;700.85;50.87;9.89;41.64
2019.00;28_2;43G9;973.70;255.93;1355.36;541.86;1345.00;549.81;3.41;0.00;6.82
2019.00;28_2;43H0;973.70;319.70;407.61;103.26;188.25;521.09;27.32;44.14;24.80
2019.00;28_2;43H1;412.70;61.19;57.91;13.72;24.77;75.08;6.45;6.07;5.77
2019.00;28_2;44G9;876.60;173.77;867.88;351.60;891.27;372.13;4.87;0.00;9.75
2019.00;28_2;44H0;960.50;95.06;400.17;192.38;290.72;638.14;37.67;32.70;35.64
2019.00;28_2;44H1;824.60;374.88;144.50;68.72;60.89;191.27;19.29;1.80;0.97
2019.00;28_2;45G9;924.50;148.13;667.66;366.14;972.01;391.27;9.50;0.00;10.86
2019.00;28_2;45H0;947.20;59.53;221.38;72.29;75.62;267.01;40.98;13.63;42.85
2019.00;28_2;45H1;827.10;229.53;187.39;44.43;44.29;160.28;28.30;6.23;25.84
2019.00;29;46G9;933.80;97.77;426.80;218.38;889.85;302.69;5.38;13.69;1.34
2019.00;29;46H0;933.80;259.47;523.80;211.09;903.87;268.87;4.98;10.73;1.24
2019.00;29;46H1;921.50;329.94;934.32;98.75;134.75;689.83;111.72;7.27;52.30
2019.00;29;47G9;876.20;52.16;273.85;223.05;1097.31;420.75;1.58;41.10;0.40
2019.00;29;47H0;920.30;375.51;242.27;132.04;558.26;211.69;6.22;16.89;1.55
2019.00;29;47H1;920.30;205.50;587.56;64.87;89.52;469.68;80.22;7.86;47.64
2019.00;29;47H2;793.90;77.03;596.71;101.06;137.46;617.36;123.06;6.04;67.59
2019.00;32;47H3;536.20;77.48;309.52;55.12;62.65;471.68;20.18;35.23;46.66
2020.00;24;37G4;875.10;39.91;132.40;136.61;172.15;265.62;90.82;2.71;8.26
2020.00;24;38G2;832.90;1.47;1.52;2.27;4.86;8.99;3.00;0.47;0.68
2020.00;24;38G3;865.70;146.09;91.34;78.07;109.68;169.53;57.95;3.85;7.00
2020.00;24;38G4;1034.80;27.74;92.03;94.96;119.67;184.64;63.13;1.89;5.74
2020.00;24;39G2;406.10;0.02;0.02;0.04;0.09;0.17;0.05;0.01;0.02
2020.00;24;39G3;765.00;3.34;9.77;11.01;18.62;33.01;10.65;0.40;2.04
2020.00;24;39G4;524.80;19.23;82.39;81.54;91.85;148.90;42.89;0.83;3.57
2020.00;25;37G5;642.20;0.41;34.40;39.66;53.71;131.94;135.04;18.12;4.46
2020.00;25;38G5;1035.70;97.22;1044.11;1317.27;684.33;1059.07;773.53;19.68;7.74
2020.00;25;38G6;940.20;0.44;101.99;124.93;119.82;241.35;219.93;20.47;5.31
2020.00;25;38G7;471.70;1.76;20.35;23.45;25.86;58.17;53.53;4.95;1.34
2020.00;25;39G4;287.30;99.67;422.40;328.34;289.99;288.36;194.06;6.39;0.00
2020.00;25;39G5;979.00;283.59;3347.94;2351.41;1913.46;1472.73;1130.62;12.78;0.00
2020.00;25;39G6;1026.00;598.86;887.45;1071.24;476.55;733.06;549.75;22.23;4.72
2020.00;25;39G7;1026.00;785.85;957.37;1216.86;545.20;788.69;531.64;3.97;1.46
2020.00;25;40G4;677.20;951.07;3029.67;2239.51;1897.46;1760.51;1218.35;37.30;0.00
2020.00;25;40G5;1012.90;7004.18;3123.97;1690.16;1292.95;787.04;751.79;7.16;0.00
2020.00;25;40G6;1013.00;2313.30;1417.06;757.38;529.23;430.92;319.71;2.98;0.00
2020.00;25;40G7;1013.00;59.01;301.95;251.03;236.53;232.61;153.42;4.69;0.00
2020.00;25;41G6;764.40;29.00;469.79;412.80;381.74;387.98;235.46;10.92;0.00
2020.00;25;41G7;1000.00;396.04;478.21;351.09;318.32;308.34;196.97;8.55;0.00
2020.00;26;37G8;86.00;21.28;71.63;129.32;70.38;51.34;22.96;0.00;0.00
2020.00;26;37G9;151.60;265.21;61.36;124.43;69.46;53.46;23.80;0.00;0.00
2020.00;26;38G8;624.60;219.46;392.09;960.72;573.94;506.33;227.17;0.00;0.00
2020.00;26;38G9;918.20;179.60;314.75;837.34;521.84;475.86;218.35;0.00;1.92
2020.00;26;39G8;1026.00;1238.10;623.55;1676.43;1077.89;985.17;447.18;10.00;5.57
2020.00;26;39G9;1026.00;177.12;451.75;1285.83;757.71;738.06;321.76;0.00;0.00
2020.00;26;40G8;1013.00;1906.78;664.64;1716.07;931.71;866.44;389.97;0.00;4.82
2020.00;26;40G9;1013.00;494.00;105.53;369.50;804.26;226.41;24.27;0.00;0.00
2020.00;26;40H0;1012.10;1089.33;102.01;102.96;112.22;42.40;6.85;0.00;0.00
2020.00;26;41G8;1000.00;80.52;312.65;348.28;394.43;463.10;52.72;12.29;2.74
2020.00;26;41G9;1000.00;1098.83;253.11;369.53;166.71;99.21;412.69;41.66;4.68
2020.00;26;41H0;953.30;1023.30;648.90;313.61;136.23;47.84;445.74;30.36;20.24
2020.00;27;42G6;266.00;0.58;0.94;1.60;1.50;0.84;1.86;0.08;0.20
2020.00;27;42G7;986.90;67.94;6.94;29.34;16.20;13.95;33.77;0.56;3.00
2020.00;27;43G6;269.80;2.43;0.00;0.00;0.00;0.00;0.00;0.00;0.00
2020.00;27;43G7;913.80;139.61;22.31;7.23;21.24;21.20;5.20;0.00;0.00
2020.00;27;44G7;960.50;1861.41;455.49;331.81;367.95;247.28;324.48;0.00;0.00
2020.00;27;44G8;456.60;13.43;10.14;8.05;14.36;5.92;32.34;4.87;1.31
2020.00;27;45G7;908.70;4747.61;192.28;190.41;827.90;13.25;535.77;37.17;37.17
2020.00;27;45G8;947.20;1698.28;313.94;207.95;286.81;192.01;17.19;24.90;0.00
2020.00;27;46G7;452.60;2531.90;177.10;119.73;29.93;14.96;57.37;0.00;12.47
2020.00;27;46G8;884.80;412.62;619.11;438.12;631.20;459.27;61.16;42.62;0.00
2020.00;28_2;42G8;945.40;601.82;319.51;615.82;399.00;453.06;25.28;13.81;2.60
2020.00;28_2;42G9;986.90;674.73;588.54;1117.36;565.43;651.50;16.42;5.47;0.00
2020.00;28_2;42H0;968.50;3298.84;129.32;236.85;67.99;54.09;172.29;20.10;20.32
2020.00;28_2;43G8;296.20;627.57;827.46;158.05;404.43;295.19;271.94;27.89;141.78
2020.00;28_2;43G9;973.70;737.60;766.76;1019.41;581.50;504.53;10.50;6.03;1.09
2020.00;28_2;43H0;973.70;1783.73;222.41;298.07;79.96;92.86;321.49;26.51;7.16
2020.00;28_2;43H1;412.70;576.30;31.41;49.84;14.83;16.80;32.35;5.43;1.23
2020.00;28_2;44G9;876.60;1452.68;690.85;958.52;576.60;522.97;12.84;4.28;0.00
2020.00;28_2;44H0;960.50;1689.52;152.22;227.36;103.24;108.67;275.84;3.87;16.54
2020.00;28_2;44H1;824.60;149.14;246.48;382.11;93.86;102.34;101.76;12.94;20.05
2020.00;28_2;45G9;924.50;1091.33;662.22;796.13;495.07;412.72;20.61;9.58;0.96
2020.00;28_2;45H0;947.20;2824.37;216.37;380.97;140.35;89.93;225.48;11.26;20.21
2020.00;28_2;45H1;827.10;509.66;344.91;649.70;269.39;180.25;427.86;22.76;41.59
2020.00;29;46G9;933.80;1073.46;1258.52;1613.98;163.23;1158.20;315.94;0.00;3.34
2020.00;29;46H0;933.80;1452.45;610.82;951.98;107.80;774.28;185.91;0.00;1.71
2020.00;29;46H1;921.50;1871.80;203.52;314.75;101.20;68.98;343.79;18.91;31.32
2020.00;29;47G9;876.20;517.84;822.61;1135.07;112.65;835.63;229.98;0.00;1.81
2020.00;29;47H0;920.30;734.50;459.85;801.13;100.99;714.62;153.05;0.00;0.00
2020.00;29;47H1;920.30;1641.54;135.26;216.42;76.21;68.35;278.82;19.66;42.44
2020.00;29;47H2;793.90;165.07;202.50;353.10;127.99;128.97;470.34;29.26;62.51
2020.00;32;47H3;536.20;152.04;106.20;273.59;85.20;209.42;431.48;44.76;102.47
2021.00;24;38G2;832.90;4.31;1.86;1.87;2.17;2.00;2.46;0.49;0.02
2021.00;24;38G3;865.70;3.83;39.29;43.60;49.43;41.38;44.92;10.12;0.17
2021.00;24;38G4;1034.80;1.32;15.92;28.38;27.95;27.83;29.67;7.10;0.30
2021.00;24;39G2;406.10;8.11;3.71;2.87;3.59;2.97;3.70;0.77;0.00
2021.00;24;39G3;765.00;0.42;16.91;29.40;30.82;29.44;32.92;7.89;0.19
2021.00;24;39G4;524.80;36.77;178.41;69.49;77.70;30.69;28.50;10.77;0.00
2021.00;25;37G5;642.20;0.04;0.53;1.78;2.05;1.18;1.60;1.69;0.42
2021.00;25;38G5;1035.70;57.64;155.80;484.76;538.43;271.18;328.53;325.35;79.15
2021.00;25;38G6;940.20;10.68;110.20;433.10;499.88;224.65;286.03;282.86;60.97
2021.00;25;38G7;471.70;0.08;1.27;12.02;14.77;9.95;11.28;13.98;2.87
2021.00;25;39G4;287.30;1.15;55.67;55.75;40.39;33.47;12.79;5.46;0.55
2021.00;25;39G5;979.00;41.13;1515.35;1404.52;949.83;838.83;301.33;147.17;20.34
2021.00;25;39G6;1026.00;300.88;1286.56;1657.23;1503.25;305.58;582.60;280.12;77.46
2021.00;25;39G7;1026.00;437.48;1730.04;1564.58;1228.66;194.69;454.88;158.02;45.70
2021.00;25;40G4;677.20;9.26;383.74;380.22;295.08;233.96;96.85;34.88;8.52
2021.00;25;40G5;1012.90;116.89;1610.11;563.14;287.41;307.88;77.56;88.17;1.05
2021.00;25;40G6;1013.00;17.10;590.39;234.65;161.18;138.35;51.57;28.86;0.79
2021.00;25;40G7;1013.00;3.44;176.28;122.43;89.67;74.69;27.26;11.92;0.49
2021.00;25;41G6;764.40;2.54;150.02;71.06;40.99;40.00;11.90;8.93;0.11
2021.00;25;41G7;1000.00;218.85;508.42;244.99;207.87;157.18;49.07;19.68;0.60
2021.00;26;37G8;86.00;888.97;265.99;90.70;39.69;14.60;13.23;3.95;0.00
2021.00;26;37G9;151.60;253.10;194.54;78.50;39.56;18.10;15.59;6.82;0.00
2021.00;26;38G8;624.60;247.92;824.43;693.42;619.61;396.62;371.08;198.63;9.03
2021.00;26;38G9;918.20;74.03;583.66;300.02;223.24;61.32;44.96;25.01;0.00
2021.00;26;39G8;1026.00;226.11;1639.00;1355.28;1565.16;1206.47;1197.45;651.56;62.41
2021.00;26;39G9;1026.00;96.32;738.07;433.34;210.90;102.96;68.09;14.56;14.18
2021.00;26;39H0;881.60;881.68;1300.58;293.11;157.04;90.34;43.48;33.61;7.94
2021.00;26;40G8;1013.00;1083.27;3902.63;1934.82;1265.91;702.34;651.09;323.11;7.33
2021.00;26;40G9;1013.00;83.03;1162.44;390.93;415.11;147.07;64.81;129.01;11.14
2021.00;26;41G8;1000.00;741.10;1038.32;222.30;256.08;60.30;26.25;28.96;0.00
2021.00;26;41G9;1000.00;1752.16;2435.93;512.82;769.24;320.51;256.41;512.82;106.83
2021.00;26;41H0;953.30;228.75;245.43;54.80;57.18;42.89;26.21;81.01;11.91
2021.00;27;42G6;266.00;0.00;0.12;0.04;0.04;0.00;0.00;0.00;0.04
2021.00;27;42G7;986.90;191.52;1820.02;735.73;664.76;0.00;290.87;0.00;30.67
2021.00;27;43G7;913.80;91.78;314.43;766.27;241.80;193.98;195.50;224.09;28.97
2021.00;27;44G7;960.50;4546.17;2573.73;1458.23;927.59;63.56;111.63;114.88;24.03
2021.00;27;44G8;456.60;2373.55;1611.80;353.27;149.03;55.19;204.23;248.39;27.59
2021.00;27;45G7;908.70;3564.22;2560.95;1253.66;742.28;121.17;38.18;350.26;38.18
2021.00;27;45G8;947.20;1162.82;1713.55;277.34;150.56;123.92;248.29;0.00;0.00
2021.00;27;46G7;452.60;41.68;355.73;498.86;168.14;31.96;112.55;226.50;16.67
2021.00;27;46G8;884.80;2437.47;1058.71;146.41;90.36;75.62;135.65;0.00;0.00
2021.00;28_2;42G8;945.40;58.82;337.20;177.88;310.69;106.44;148.88;0.00;0.00
2021.00;28_2;42G9;986.90;970.21;4010.46;954.23;1001.00;324.41;135.56;0.00;0.00
2021.00;28_2;42H0;968.50;847.35;1310.33;366.89;384.36;157.24;148.50;183.44;17.47
2021.00;28_2;43G8;296.20;304.11;805.89;272.18;226.56;48.65;74.50;15.20;47.13
2021.00;28_2;43G9;973.70;1809.90;1932.75;517.50;589.98;190.76;125.92;0.00;0.00
2021.00;28_2;43H0;973.70;1496.02;1544.28;398.13;554.97;156.84;217.16;325.74;48.25
2021.00;28_2;43H1;412.70;395.88;268.63;197.94;113.10;42.41;56.55;56.55;14.13
2021.00;28_2;44G9;876.60;2082.41;2779.85;605.38;633.39;212.76;85.22;0.00;0.00
2021.00;28_2;44H0;960.50;1736.15;1726.45;300.67;339.47;193.98;126.08;407.36;96.99
2021.00;28_2;44H1;824.60;1010.75;813.53;246.52;197.22;86.28;86.28;123.26;36.97
2021.00;28_2;45G9;924.50;1131.51;2211.22;515.30;552.19;175.51;81.45;0.00;0.00
2021.00;28_2;45H0;947.20;1243.27;1263.80;335.46;197.83;62.49;63.92;206.14;13.50
2021.00;28_2;45H1;827.10;1286.50;1396.86;385.17;287.17;114.98;137.42;278.70;64.25
2021.00;29;46G9;933.80;1321.34;1526.37;202.16;242.20;182.38;161.61;0.00;15.32
2021.00;29;46H0;933.80;1072.95;2044.53;264.29;305.68;245.21;212.64;0.00;14.14
2021.00;29;46H1;921.50;2294.50;1138.22;277.45;263.65;72.76;78.12;252.12;24.49
2021.00;29;47G9;876.20;967.09;2048.67;341.24;360.35;318.05;239.18;0.00;28.13
2021.00;29;47H0;920.30;2674.56;2057.67;288.76;324.97;298.76;267.37;0.00;30.65
2021.00;29;47H1;920.30;129.87;740.65;247.41;256.75;99.18;100.06;271.97;42.79
2021.00;29;47H2;793.90;924.86;317.76;125.65;150.42;60.14;62.85;158.59;29.95
2021.00;32;47H3;536.20;204.64;294.07;101.25;90.29;36.26;27.42;122.84;13.95
2022.00;24;37G3;167.70;19.25;5.91;7.46;5.84;4.07;5.33;4.58;0.81
2022.00;24;37G4;875.10;3.468e-03;1.064e-03;1.3435e-03;1.05e-03;7.338e-04;9.6e-04;8.244e-04;1.46e-04
2022.00;24;38G2;832.90;4.51;1.39;1.75;1.37;0.96;1.25;1.07;0.19
2022.00;24;38G3;865.70;123.91;38.01;48.00;37.60;26.21;34.31;29.45;5.21
2022.00;24;38G4;1034.80;0.03;14.70;19.72;15.17;11.12;12.77;11.05;1.33
2022.00;24;39G2;406.10;0.00;0.06;0.19;0.16;0.06;0.10;0.06;0.00
2022.00;24;39G3;765.00;1.59;4.58;7.50;7.80;3.95;5.02;5.64;0.64
2022.00;24;39G4;524.80;37.18;151.19;131.67;51.59;50.68;26.08;24.45;1.34
2022.00;25;37G5;642.20;10.71;39.24;47.62;56.87;58.30;37.06;48.09;11.54
2022.00;25;38G5;1035.70;13.05;399.17;632.15;387.30;390.50;188.53;204.70;31.31
2022.00;25;38G6;940.20;0.80;152.51;245.80;220.78;224.77;116.23;131.67;20.37
2022.00;25;38G7;471.70;0.16;5.30;7.25;3.69;3.31;1.71;1.62;0.22
2022.00;25;39G4;287.30;0.32;177.02;388.40;166.45;154.76;156.34;45.10;5.53
2022.00;25;39G5;979.00;85.45;2414.58;2489.95;904.24;658.94;331.18;124.39;0.00
2022.00;25;39G6;1026.00;77.75;1230.01;1532.10;624.01;557.79;261.93;212.31;19.80
2022.00;25;39G7;1026.00;237.74;1808.00;1826.96;485.13;309.81;174.90;82.68;4.18
2022.00;25;40G4;677.20;28.25;1869.24;2046.86;821.00;524.13;290.75;95.40;5.27
2022.00;25;40G5;1012.90;149.25;1709.88;1369.15;501.98;288.70;115.28;57.26;1.67
2022.00;25;40G6;1013.00;49.13;897.14;738.84;264.26;173.17;64.35;20.62;0.80
2022.00;25;40G7;1013.00;3.66;416.23;505.89;194.32;122.48;51.26;20.22;0.00
2022.00;25;41G6;764.40;236.93;657.47;438.73;150.89;107.73;74.45;29.00;3.02
2022.00;25;41G7;1000.00;73.49;542.73;378.76;124.23;73.82;27.07;12.19;0.29
2022.00;26;37G8;86.00;3.22;34.89;26.56;11.37;4.83;2.64;1.32;0.13
2022.00;26;37G9;151.60;12.07;159.10;162.45;101.66;59.09;23.50;26.21;6.89
2022.00;26;38G8;624.60;5.80;489.75;665.01;513.18;292.29;90.05;149.10;30.16
2022.00;26;38G9;918.20;7.57;518.73;782.45;636.90;387.17;140.74;186.76;44.47
2022.00;26;39G8;1026.00;23.00;1528.39;1970.64;1489.85;882.84;337.14;383.78;94.35
2022.00;26;39G9;1026.00;1.45;573.79;987.46;899.01;599.24;248.76;275.60;100.72
2022.00;26;40G8;1013.00;193.73;2994.64;2711.68;1563.28;825.60;329.90;330.55;69.06
2022.00;26;41G8;1000.00;117.72;2178.60;1336.81;432.61;205.77;138.43;265.11;65.40
2022.00;26;41G9;1000.00;339.16;2346.35;1039.43;255.41;187.50;133.41;67.02;420.02
2022.00;26;41H0;953.30;419.56;2146.35;501.21;147.43;92.85;74.17;11.83;194.01
2022.00;27;42G6;266.00;59.69;809.36;158.00;17.55;8.77;0.00;8.77;0.00
2022.00;27;42G7;986.90;43.96;743.29;924.56;112.42;67.43;33.77;146.14;88.76
2022.00;27;43G7;913.80;5.12;270.69;178.73;13.34;24.38;28.20;13.34;28.32
2022.00;27;44G7;960.50;322.02;1803.32;383.62;117.60;260.41;30.80;16.80;47.60
2022.00;27;44G8;456.60;97.45;902.16;242.24;370.33;27.84;30.62;0.00;27.84
2022.00;27;45G7;908.70;461.25;1239.94;561.40;51.20;0.00;20.67;11.15;7.63
2022.00;27;45G8;947.20;363.74;1912.70;578.69;72.74;115.43;9.49;64.28;87.97
2022.00;27;46G8;884.80;228.58;1132.25;358.89;181.20;45.48;25.65;104.33;0.00
2022.00;28_2;42G8;945.40;98.04;1684.57;1215.08;296.86;224.32;64.59;6.35;31.23
2022.00;28_2;42G9;986.90;348.93;3090.11;2296.37;326.19;115.08;94.12;11.36;39.62
2022.00;28_2;42H0;968.50;61.53;585.72;476.17;125.50;97.54;95.73;30.37;273.96
2022.00;28_2;43G8;296.20;7.82;323.92;303.57;184.65;0.00;18.77;0.00;45.38
2022.00;28_2;43G9;973.70;219.13;3044.24;2080.76;322.26;159.74;131.48;18.22;48.45
2022.00;28_2;43H0;973.70;70.20;1118.02;760.70;171.84;258.76;86.57;44.97;174.62
2022.00;28_2;43H1;412.70;2.09;37.87;39.17;10.92;15.43;5.25;4.42;13.25
2022.00;28_2;44G9;876.60;52.78;885.41;982.43;155.88;117.15;96.99;13.85;34.04
2022.00;28_2;44H0;960.50;98.95;1792.66;1446.74;192.94;317.32;71.84;70.61;346.36
2022.00;28_2;44H1;824.60;36.12;542.75;397.85;90.83;110.41;21.02;25.20;64.99
2022.00;28_2;45G9;924.50;346.61;2475.20;1646.87;240.06;51.19;41.84;5.59;16.29
2022.00;29;46G9;933.80;482.67;3455.81;1332.25;190.79;160.59;64.60;2.30;13.91
2022.00;29;46H0;933.80;252.85;2089.83;936.62;124.19;113.71;42.16;1.01;5.17
2022.00;29;46H1;921.50;208.58;1257.60;983.72;179.86;183.91;122.60;195.49;125.49
2022.00;29;47G9;876.20;236.26;1804.51;633.79;98.55;81.79;34.37;1.12;7.46
2022.00;29;47H0;920.30;170.86;1149.86;633.26;142.44;110.29;62.11;3.68;16.84
2022.00;29;47H1;920.30;387.06;1584.49;1202.38;228.64;223.32;139.66;246.69;150.06
2022.00;29;47H2;793.90;291.08;856.03;953.12;210.43;207.67;125.28;235.40;143.53
2022.00;29;48G9;772.80;19.98;475.91;200.26;134.65;59.61;29.47;0.11;25.20
2022.00;29;48H0;730.30;17.87;425.74;179.15;120.46;53.32;26.36;0.10;22.54
2022.00;29;48H1;544.00;11.43;117.12;159.98;37.04;43.56;29.80;45.26;28.12
2022.00;29;48H2;597.00;10.30;105.51;144.12;33.37;39.24;26.85;40.77;25.33
2022.00;32;47H3;536.20;58.56;430.16;386.70;134.60;87.09;61.07;94.17;71.07
2022.00;32;48H3;615.70;28.54;294.67;252.81;100.47;77.23;61.09;76.33;71.96
